308	286
341	231
305	237
224	529
274	517
322	48
407	409
262	539
321	294
252	550
392	104
486	126
335	175
374	384
310	523
467	401
285	358
337	249
298	300
346	177
333	212
286	133
283	465
306	502
413	264
295	472
361	262
296	582
362	519
240	189
307	454
380	181
266	507
124	507
241	277
218	98
142	368
231	421
263	482
337	410
432	177
480	302
434	284
459	168
381	167
196	459
301	37
326	510
114	285
55	345
152	186
221	220
293	71
357	221
387	156
313	173
167	152
280	65
300	559
186	217
277	367
377	270
297	574
247	581
299	473
324	206
254	91
298	24
338	228
299	184
338	62
378	511
204	43
391	86
247	575
423	297
326	464
170	516
218	225
306	241
138	467
268	187
259	74
206	366
389	125
368	301
262	451
376	253
144	420
306	521
428	215
355	322
286	169
295	500
487	254
341	235
210	497
361	161
436	199
302	438
263	192
241	390
300	223
105	434
367	328
230	301
305	575
259	282
449	130
291	271
250	434
374	365
225	479
304	549
130	427
260	449
357	296
265	54
300	218
241	211
274	251
300	307
418	349
252	234
290	354
316	538
210	302
207	199
307	5
325	253
291	74
284	291
469	538
318	149
303	455
341	576
301	221
312	587
282	552
283	407
305	422
279	167
283	240
496	131
507	267
249	238
385	559
141	393
361	219
161	116
238	116
343	348
217	295
304	260
364	238
535	356
395	182
277	370
328	590
41	405
236	242
342	188
383	384
322	384
344	123
338	327
167	469
455	276
290	470
297	313
252	268
249	368
467	275
331	226
320	23
232	527
225	352
153	332
432	364
295	465
246	278
293	148
438	247
306	111
228	231
278	273
352	336
391	458
328	136
289	220
416	155
267	160
290	390
105	286
362	455
354	117
239	218
273	489
346	538
452	296
237	490
370	466
304	90
410	412
92	279
301	433
280	346
215	152
472	412
264	21
302	596
79	301
279	317
362	318
300	372
296	345
160	70
494	265
395	242
225	505
211	96
314	75
174	255
268	240
352	105
269	288
283	110
341	150
311	269
415	429
298	366
297	587
344	164
196	163
347	446
368	191
393	114
428	222
487	294
358	35
255	171
268	300
403	340
289	228
422	299
337	492
259	550
216	66
33	210
178	307
124	368
406	559
297	405
268	355
118	378
282	535
445	360
344	117
253	309
329	106
317	131
290	300
360	521
137	457
108	243
289	298
294	147
426	209
401	323
519	334
295	149
434	483
530	330
216	221
514	213
296	316
142	329
368	501
217	318
221	244
226	202
454	461
311	524
349	315
370	409
351	296
199	139
348	118
470	161
238	218
325	173
313	391
340	189
84	429
454	66
125	214
376	175
225	423
165	518
414	268
337	154
221	277
383	262
348	204
211	374
198	308
300	374
338	440
384	166
292	332
59	417
123	381
294	314
268	283
452	421
281	433
367	478
450	241
310	204
307	193
147	410
297	410
284	484
292	240
277	347
291	39
209	266
289	20
551	251
184	189
254	326
267	449
137	365
326	235
299	207
375	245
301	311
254	283
394	127
385	204
54	236
274	21
332	411
290	91
312	31
307	388
305	569
394	230
205	359
264	525
523	286
307	243
214	164
114	247
285	403
418	316
380	291
202	380
260	44
533	276
289	246
512	260
315	123
111	406
72	325
336	515
268	393
390	120
303	218
199	297
361	161
301	159
300	520
361	281
352	66
284	446
357	38
230	248
374	414
300	454
419	177
346	308
301	141
234	365
272	184
381	333
262	559
73	386
564	244
224	316
329	80
174	321
421	267
323	289
298	154
143	382
299	101
133	415
217	327
275	240
307	356
459	409
345	63
279	412
278	448
297	67
422	83
258	187
300	13
322	471
319	349
347	56
315	228
137	285
179	442
419	205
308	442
307	372
450	92
243	516
271	332
336	379
65	280
204	204
355	447
144	259
349	161
159	345
435	237
194	378
300	170
292	237
324	508
309	327
347	431
330	137
301	457
243	489
139	384
316	373
286	507
406	306
322	333
280	245
198	212
419	262
301	370
385	161
301	509
308	18
62	287
333	210
358	416
297	209
289	407
230	191
347	212
235	236
321	224
300	325
338	230
280	418
251	577
138	535
175	435
332	23
322	355
300	99
229	282
213	278
447	449
372	456
220	242
394	271
339	508
289	41
269	415
499	487
489	234
329	181
345	505
312	336
371	222
317	421
293	557
300	388
310	392
363	300
159	299
300	110
509	290
263	467
255	265
148	335
229	473
467	311
296	513
444	427
190	271
299	215
79	385
91	170
451	149
275	135
259	511
254	377
307	15
301	290
366	510
259	132
267	214
268	188
383	163
89	216
295	23
272	29
297	212
422	316
500	378
315	246
431	289
415	248
275	154
424	198
297	456
177	29
416	404
266	108
336	86
288	473
353	338
267	43
443	188
98	400
372	181
324	94
492	149
313	295
354	331
296	277
147	240
280	98
235	27
167	263
211	106
281	371
286	237
347	396
278	540
412	395
418	198
348	174
154	71
231	455
248	115
485	331
231	172
306	86
419	431
382	295
54	344
300	179
283	325
246	132
277	298
407	114
329	249
458	345
246	118
382	421
300	381
235	420
311	504
309	139
299	68
65	205
306	236
174	329
338	90
341	502
357	50
85	277
287	118
316	201
250	360
255	282
306	246
405	147
295	147
325	476
305	387
383	297
330	472
332	401
331	355
424	207
360	174
425	96
245	87
434	68
247	79
261	523
375	450
572	269
456	463
151	377
372	474
148	418
338	413
415	312
282	138
352	118
398	364
401	155
434	226
458	236
297	410
334	369
370	507
363	115
331	44
165	300
450	406
487	188
276	530
300	541
302	70
317	457
487	112
268	215
311	423
324	237
416	162
205	110
208	60
270	407
448	253
451	338
187	65
265	422
404	367
134	209
279	143
256	424
268	407
279	276
300	141
271	541
416	41
485	267
380	280
223	297
288	47
105	317
392	197
282	97
355	508
301	511
295	65
145	281
545	438
207	468
384	108
248	253
300	167
305	163
225	285
328	30
181	220
224	417
300	59
213	317
265	169
181	443
283	257
379	285
308	358
239	288
296	483
322	124
319	293
379	484
416	426
331	193
150	355
340	578
246	517
253	90
341	323
272	241
236	115
315	116
291	555
394	432
341	347
267	446
335	324
154	375
269	267
332	262
208	275
325	66
294	258
338	148
233	466
349	214
348	513
424	128
137	315
323	170
105	335
432	211
424	234
264	224
303	178
290	184
281	102
340	248
295	131
234	145
152	517
527	305
287	197
104	234
292	215
242	517
278	342
297	23
334	77
344	477
324	431
281	332
167	130
235	260
234	441
122	415
125	379
262	491
299	317
323	576
322	197
326	447
250	209
327	10
259	180
383	256
184	234
327	501
231	501
272	145
471	304
394	130
117	376
177	401
163	504
445	477
328	252
286	134
288	110
323	134
302	440
443	149
251	219
320	339
254	182
295	244
175	164
128	196
316	354
147	350
110	207
432	538
250	553
72	206
222	298
55	338
401	107
300	341
295	439
350	210
260	91
84	158
447	469
284	112
357	553
267	345
201	459
228	388
89	397
376	310
490	314
408	521
341	583
461	309
244	336
310	371
48	312
392	357
306	93
301	61
343	427
387	259
266	58
289	40
339	135
104	236
175	152
448	313
257	247
304	533
111	145
204	295
444	219
337	581
503	244
252	350
384	304
304	321
481	152
236	334
251	483
193	345
305	304
302	408
293	291
248	481
339	348
280	56
311	167
328	502
454	52
349	377
315	525
293	574
269	419
314	39
302	120
109	212
287	33
231	135
306	194
301	326
258	144
294	532
305	457
240	399
305	426
155	193
501	212
358	527
294	318
306	340
377	219
284	201
64	197
348	60
289	341
548	334
429	233
264	579
153	377
328	190
263	117
263	305
365	165
413	425
419	479
287	557
270	434
255	343
396	466
314	321
256	243
270	206
150	436
265	149
503	482
303	114
299	99
289	486
225	397
145	313
312	71
260	453
290	101
396	211
289	378
335	319
303	232
187	348
333	300
263	29
154	211
350	286
225	489
267	433
316	504
278	328
432	262
348	366
203	272
384	313
226	541
357	130
170	367
253	271
309	516
387	339
147	328
278	242
244	63
295	115
367	229
400	79
477	101
130	421
291	104
487	307
438	397
117	108
139	448
240	248
320	547
235	95
322	131
400	262
419	351
534	306
180	160
208	428
414	182
266	412
272	128
315	72
442	393
283	242
124	220
438	250
313	162
321	338
538	143
149	169
214	25
366	73
371	14
294	579
18	284
239	570
446	318
185	120
142	335
292	234
209	227
113	388
218	121
260	160
213	166
406	326
158	275
291	207
417	402
289	152
223	222
174	232
313	461
393	315
294	337
331	400
417	456
294	567
313	377
486	351
159	438
309	314
242	280
39	273
276	137
169	415
417	250
509	429
501	427
349	302
304	378
382	442
363	406
330	258
90	185
306	392
184	387
309	406
358	182
407	369
355	107
316	550
217	339
238	366
189	218
309	204
540	171
224	146
245	284
291	6
174	456
299	583
188	389
352	139
319	270
231	388
384	409
443	244
572	315
158	383
212	347
92	241
238	320
346	215
403	369
521	277
314	386
144	244
428	338
360	542
426	249
380	85
357	219
502	401
243	82
332	554
438	470
217	59
320	170
162	194
300	296
342	148
385	381
292	300
270	520
187	197
282	576
302	510
302	78
261	371
430	206
208	294
289	57
313	15
361	234
433	526
435	178
169	184
253	24
301	248
444	177
226	302
262	227
285	547
543	214
437	240
377	474
345	54
344	281
394	457
277	388
293	413
271	378
199	443
507	340
305	85
311	387
187	304
351	570
304	132
492	199
352	262
58	178
293	500
157	479
295	281
425	418
277	434
137	132
297	593
355	537
222	254
390	335
445	108
134	415
319	348
505	371
322	445
399	348
309	239
298	513
150	311
421	498
350	373
302	264
424	224
355	251
282	264
413	382
289	252
454	238
285	396
282	59
377	502
300	300
301	7
282	386
111	268
535	284
380	219
306	414
283	308
337	33
237	74
524	385
482	126
329	352
464	477
239	562
312	226
247	402
198	118
305	143
494	521
246	241
357	300
241	325
280	165
469	403
370	314
120	396
454	142
536	386
300	18
147	434
239	16
262	540
412	397
415	497
292	335
443	338
205	315
283	539
401	405
225	185
312	117
308	251
278	545
453	210
292	200
83	418
327	64
336	181
137	316
358	222
163	354
395	419
189	349
171	440
391	67
363	234
265	334
291	386
247	223
342	153
108	312
262	292
284	480
267	569
228	576
300	243
256	404
289	539
317	542
239	140
154	225
283	205
300	522
89	341
153	133
327	566
334	53
250	131
135	384
403	322
408	447
316	402
291	226
317	395
427	334
291	125
124	303
176	148
296	281
303	51
483	412
287	267
279	216
230	443
92	230
189	366
314	231
314	568
284	26
165	234
368	484
281	267
426	373
273	183
233	496
308	435
151	458
296	172
393	282
193	505
307	92
169	281
304	308
157	346
320	295
321	95
428	219
305	456
250	553
315	451
153	510
125	131
201	505
261	466
243	30
383	516
306	400
291	447
332	417
216	186
330	61
417	254
315	387
322	105
284	240
219	152
311	251
231	150
297	382
297	257
313	294
326	262
437	481
316	287
237	217
339	518
244	239
325	484
175	267
275	288
483	241
194	338
224	230
121	367
305	407
348	82
342	225
44	226
322	231
124	240
279	378
237	343
299	328
434	70
221	282
81	356
511	140
355	339
377	132
306	130
395	272
286	526
362	287
77	231
209	433
339	56
356	357
423	341
357	372
332	275
365	510
133	271
300	255
389	277
48	184
166	178
262	414
276	318
483	301
162	398
306	422
160	245
405	311
435	132
206	176
265	341
290	454
508	190
240	477
288	5
396	100
164	218
332	280
309	492
233	441
296	363
212	237
302	357
86	189
326	260
165	288
250	181
299	363
198	341
413	485
320	344
293	364
195	211
300	503
263	248
298	50
204	388
243	383
155	290
307	580
269	121
290	543
384	289
96	394
233	291
163	536
300	56
258	144
293	283
87	496
307	209
356	205
307	398
185	368
307	62
297	46
201	330
399	80
374	431
313	519
384	387
430	200
425	172
340	406
141	520
287	23
390	386
38	409
350	263
159	284
294	215
348	185
292	330
161	339
200	366
277	139
443	329
507	335
248	318
490	249
300	255
449	271
341	101
455	429
300	529
132	172
283	42
188	397
78	382
283	225
301	218
279	365
196	511
433	374
160	412
300	584
293	197
138	194
560	342
264	307
345	476
114	383
436	326
275	588
301	557
293	442
143	229
294	167
193	387
400	228
460	316
244	287
423	259
256	243
269	245
457	244
237	555
289	443
350	129
309	587
331	344
391	198
358	271
172	483
207	147
453	460
308	253
321	164
300	328
516	320
252	267
102	298
179	177
295	492
396	277
119	258
374	300
314	523
245	218
229	34
470	161
259	329
263	427
167	161
298	204
475	411
156	491
269	298
345	339
288	345
384	296
302	324
359	588
356	373
306	219
303	51
292	206
389	465
433	322
213	99
496	434
426	293
408	200
534	174
320	345
362	375
354	120
358	575
307	255
531	309
301	279
74	379
216	551
383	300
155	451
219	227
271	249
245	436
345	200
125	315
298	568
276	57
496	369
326	538
294	474
211	75
176	62
200	369
344	329
300	181
301	328
333	22
244	552
432	344
285	116
436	178
197	300
421	93
364	491
233	318
326	469
208	281
293	120
509	115
450	274
219	313
496	431
305	394
307	426
299	98
322	194
305	257
265	200
484	438
217	240
403	220
264	206
227	301
430	515
501	361
378	218
66	306
424	165
313	148
294	474
116	179
305	365
250	303
308	241
302	407
293	195
310	141
158	428
180	58
496	414
295	123
263	477
311	67
404	404
417	303
433	488
214	79
160	170
66	237
181	354
26	235
227	410
321	242
306	85
279	294
284	162
371	186
442	400
271	529
174	507
384	352
180	429
211	211
405	164
270	29
300	364
8	297
204	83
248	488
267	470
465	213
209	379
53	285
232	331
253	123
194	326
300	128
244	16
496	195
259	395
283	135
359	494
188	172
275	362
365	328
263	152
186	380
391	97
424	255
358	336
291	378
510	256
261	418
379	548
362	563
258	348
274	489
244	128
110	280
311	468
443	268
300	81
159	342
340	488
245	44
496	512
248	392
558	364
291	267
401	344
267	479
290	413
195	256
377	279
325	284
416	431
237	186
399	422
301	411
382	166
245	181
379	32
298	484
190	494
316	198
262	119
121	402
209	382
228	264
191	284
316	478
353	302
252	249
280	511
338	249
147	141
475	500
286	398
131	411
247	259
192	327
255	346
261	290
222	132
304	300
476	468
263	433
182	188
223	322
305	527
303	505
304	131
323	41
90	460
451	278
332	25
311	151
233	500
299	105
285	444
536	409
271	547
260	355
331	462
307	89
333	461
276	256
300	327
170	254
382	87
329	259
412	344
399	379
346	289
183	523
337	176
304	555
266	356
337	287
123	307
357	571
282	321
377	172
310	138
130	300
60	323
312	214
169	342
544	213
198	488
278	91
341	95
440	116
300	403
112	465
246	513
380	213
331	390
309	46
140	345
293	292
526	271
342	171
374	426
243	135
477	320
208	364
423	139
300	133
521	274
254	51
214	237
172	309
145	397
223	237
299	343
364	512
183	326
223	422
522	331
348	489
297	482
310	390
287	173
328	408
335	279
276	207
364	402
288	442
230	318
422	255
354	103
321	215
522	414
323	534
395	446
371	510
317	251
84	275
287	10
281	393
301	396
362	242
251	503
247	36
423	154
426	380
254	183
275	45
384	334
422	548
249	553
278	45
210	291
452	173
300	174
221	153
315	76
332	257
317	451
465	329
253	198
299	486
245	32
281	289
191	425
102	333
211	401
352	53
311	270
434	313
249	422
251	138
299	23
329	371
315	326
446	241
177	191
308	113
91	257
194	424
519	221
225	301
404	219
209	498
279	524
460	112
282	248
323	69
415	336
305	210
121	351
318	385
373	131
262	246
322	461
503	400
295	295
92	221
368	311
276	89
192	296
261	488
249	497
268	100
360	218
61	228
172	446
336	418
287	382
370	378
436	542
488	137
261	197
340	112
424	101
293	56
288	245
53	344
106	140
316	119
296	117
348	296
300	387
313	130
183	546
318	369
300	453
178	443
326	142
435	104
80	250
398	545
279	132
390	502
304	587
374	307
306	455
262	370
232	271
290	208
302	97
409	292
337	245
256	148
117	382
269	306
144	153
218	429
351	213
218	125
505	160
323	63
332	335
294	569
445	482
315	329
176	227
181	242
300	152
370	173
265	592
309	360
428	335
468	472
319	181
94	488
304	546
406	240
314	415
166	373
272	243
286	98
216	418
359	456
319	426
188	490
213	174
228	475
372	196
291	133
292	312
344	294
289	594
266	153
540	207
326	481
264	226
340	155
292	380
239	430
204	317
296	476
264	40
460	172
297	349
137	351
288	42
133	408
226	511
383	271
99	421
304	535
367	75
340	112
279	567
306	119
257	168
476	345
394	271
322	466
303	571
294	594
249	419
299	199
193	414
158	371
428	178
347	214
303	163
460	499
314	446
554	372
489	315
309	398
115	189
335	339
102	340
248	450
370	377
298	508
399	245
419	246
341	387
331	194
228	241
129	75
340	233
204	353
273	91
190	64
257	285
390	502
276	180
182	153
252	342
427	286
294	192
495	420
303	169
345	102
331	293
220	243
36	388
351	517
424	403
263	130
240	371
328	497
133	439
137	290
333	176
426	319
215	369
413	207
315	147
326	579
238	581
128	278
398	331
34	307
412	375
305	582
221	485
318	493
501	321
390	316
291	473
544	294
306	204
363	308
460	492
365	110
413	295
307	540
332	510
534	253
243	398
271	163
324	216
320	303
266	244
96	198
177	506
315	116
485	308
312	214
295	529
539	409
318	490
309	272
177	193
290	404
179	417
416	333
405	50
182	257
535	205
333	134
88	356
152	412
253	131
441	470
408	280
171	228
285	306
242	336
313	102
296	288
313	449
578	378
315	571
458	485
367	484
205	421
401	257
368	174
268	169
442	247
326	366
207	421
455	433
297	525
164	275
443	291
451	346
255	234
152	369
188	320
350	54
218	257
430	170
511	218
300	406
303	171
307	568
101	316
283	259
189	148
484	532
176	454
328	161
262	382
372	409
291	458
400	298
416	343
392	475
340	465
103	355
294	538
383	362
305	104
292	417
329	367
247	361
344	384
120	142
424	461
436	109
370	387
340	205
341	121
176	525
116	446
381	182
165	198
278	300
244	331
199	307
300	331
364	429
315	416
317	411
213	100
484	502
285	76
390	202
550	305
300	278
213	242
338	545
213	467
257	359
279	209
564	287
435	445
376	510
300	149
375	400
31	387
270	281
313	518
391	499
193	360
339	89
273	459
270	155
300	589
268	136
304	582
62	315
410	289
468	206
300	132
335	75
429	139
322	266
384	462
450	256
278	234
322	197
406	497
154	241
291	358
511	313
430	291
339	207
223	468
280	142
271	199
354	292
125	289
176	123
419	423
189	209
103	404
458	256
291	331
77	268
217	45
492	320
156	359
207	444
348	177
292	113
386	221
319	153
52	221
95	319
316	144
302	79
118	412
186	485
349	180
367	426
312	300
415	297
325	110
360	438
219	41
259	201
278	67
329	543
204	442
380	286
270	352
284	169
388	310
228	164
348	411
260	252
326	196
228	368
394	255
309	515
286	418
300	163
189	207
306	512
248	371
248	411
207	363
435	291
269	443
369	242
419	420
206	447
134	273
245	399
154	180
307	569
266	465
280	305
11	317
334	355
104	246
252	99
404	436
259	189
254	429
150	352
273	217
272	236
364	121
205	322
211	294
96	269
273	275
310	166
282	538
197	225
378	52
310	276
276	73
149	312
397	330
433	364
307	554
387	281
522	178
338	426
325	347
379	208
241	257
93	234
322	318
487	160
437	378
424	461
301	522
302	539
316	429
120	389
398	250
233	98
280	335
341	428
419	175
276	48
243	79
184	428
429	264
236	153
299	286
201	279
433	269
352	291
340	93
212	235
317	54
305	473
229	237
112	207
431	404
255	583
114	454
291	106
274	469
314	533
332	209
212	134
269	518
410	148
367	353
271	332
220	405
315	28
209	482
259	388
307	590
307	116
396	149
537	459
218	40
376	144
265	194
85	272
207	518
368	556
272	318
352	277
430	447
293	353
274	385
325	185
143	309
132	221
529	194
344	525
326	279
482	303
387	499
360	230
331	137
456	342
317	490
297	361
278	461
72	179
439	304
109	432
362	512
330	435
247	59
295	57
300	318
287	541
437	521
263	114
305	457
161	521
199	301
321	515
319	127
337	521
307	167
441	216
211	455
296	382
311	130
267	288
300	523
37	232
175	212
297	117
370	429
454	63
300	432
252	300
237	497
358	114
286	285
239	46
208	207
336	68
305	390
182	427
310	202
346	575
291	448
312	193
335	42
375	217
236	408
277	22
121	237
343	253
288	106
326	299
305	276
234	306
365	318
181	473
471	123
290	512
149	435
302	491
176	112
172	384
308	446
324	161
112	497
266	23
357	164
279	277
296	395
290	129
377	98
327	438
315	175
381	327
305	404
496	231
477	321
298	451
277	503
155	83
452	357
546	333
292	479
191	302
189	426
242	386
401	374
394	169
118	110
277	114
307	223
300	361
490	213
316	265
322	187
304	514
302	106
450	380
409	169
153	262
302	394
272	223
300	205
415	326
249	282
498	158
309	350
243	442
296	172
326	565
278	501
553	222
238	147
295	470
341	140
447	248
320	471
282	114
316	247
293	315
224	385
278	589
514	303
318	148
300	542
325	124
249	457
288	12
188	546
130	346
279	264
270	322
426	147
305	482
307	517
241	449
382	542
102	313
399	166
329	77
166	151
462	339
390	99
383	265
334	214
230	257
240	287
302	518
377	136
281	518
159	205
269	78
298	212
153	314
73	344
133	259
248	299
266	392
315	451
449	374
146	398
324	259
137	213
253	60
277	575
300	83
325	205
296	468
289	573
385	51
290	150
312	64
269	116
302	356
305	295
436	207
283	467
410	406
384	156
316	316
205	473
364	438
299	56
278	160
250	154
256	101
67	389
188	75
242	313
198	28
395	486
213	374
166	537
358	363
293	284
357	416
334	261
510	249
293	88
172	320
341	362
501	299
277	116
300	61
197	274
395	555
242	518
499	393
355	499
308	358
378	563
401	342
295	123
140	508
380	90
384	251
321	347
123	280
230	87
69	304
308	348
293	213
299	144
306	58
329	415
281	367
345	552
344	320
177	339
451	437
265	405
441	355
491	254
315	362
333	247
538	449
294	389
483	209
264	176
316	59
66	301
350	464
341	198
163	222
133	408
516	277
311	558
233	540
541	302
349	283
337	289
284	513
390	235
435	192
452	382
46	324
565	296
310	256
330	412
315	112
378	82
526	237
281	379
308	551
275	178
460	265
292	573
312	332
311	180
171	77
449	378
298	238
311	194
403	289
267	210
460	310
434	231
529	340
417	278
241	240
348	350
103	411
262	527
260	479
271	186
568	350
285	208
20	233
216	151
296	444
383	520
419	112
322	96
423	452
211	392
527	218
384	291
329	217
573	401
294	246
410	171
293	196
293	346
478	315
283	460
263	268
255	376
331	68
162	505
358	173
242	266
353	473
441	129
330	28
349	278
249	401
330	430
71	313
391	135
163	458
160	358
297	289
247	439
337	264
554	261
305	558
351	355
287	475
377	491
447	68
290	69
293	448
300	174
293	565
188	121
225	371
300	42
290	392
393	311
276	446
327	582
203	498
331	208
303	58
447	465
284	355
295	456
286	199
398	371
316	335
263	140
304	391
445	181
235	426
317	452
352	314
299	354
365	324
305	559
305	32
322	542
281	351
354	241
378	414
126	247
285	457
205	343
336	38
141	139
206	83
167	125
402	383
215	208
388	358
269	228
212	358
306	25
314	388
279	466
520	319
290	447
316	298
310	307
492	329
365	300
299	85
139	193
194	490
92	328
312	495
135	250
119	227
288	371
541	189
211	518
453	397
247	457
257	439
365	455
319	303
236	457
427	197
187	280
144	179
216	490
122	199
209	494
344	329
280	391
187	437
344	501
394	261
149	444
300	498
331	65
453	255
529	483
322	149
318	172
500	450
305	142
13	266
515	286
333	153
364	348
234	263
284	409
155	242
240	369
437	104
298	450
288	375
264	355
264	478
208	344
350	118
343	524
401	401
133	263
262	326
382	270
419	301
302	494
367	335
481	305
299	430
277	47
513	313
204	70
281	400
340	280
302	474
37	302
223	243
129	365
270	107
175	549
295	389
287	33
284	407
496	194
159	177
331	196
433	402
271	132
210	526
306	554
323	542
338	105
475	213
242	403
253	348
510	348
323	535
284	542
411	432
100	315
525	265
303	422
108	93
145	462
332	295
380	150
266	438
306	434
239	254
296	82
302	496
309	346
383	462
275	153
114	201
214	224
427	417
292	109
193	260
306	578
437	441
222	173
263	213
253	509
57	427
443	402
279	361
532	359
432	200
229	419
351	309
320	490
538	279
306	505
241	78
367	345
178	234
355	312
453	426
216	270
374	315
63	349
160	460
309	562
297	287
330	384
160	494
302	73
302	25
250	377
377	60
389	326
382	195
112	313
308	265
336	266
199	409
316	170
127	311
287	175
312	399
165	376
80	376
289	523
243	318
161	367
305	409
342	281
273	380
133	325
562	415
276	68
289	568
383	182
288	502
359	328
216	431
359	156
378	311
287	244
258	313
266	229
195	347
230	193
319	356
371	287
484	368
509	402
223	229
241	42
161	376
240	84
456	428
316	332
166	119
318	385
248	195
376	390
384	535
279	376
297	67
199	430
304	257
298	322
276	218
276	73
364	192
248	331
346	243
400	433
337	542
243	462
446	422
258	122
460	328
267	47
212	238
297	383
46	348
534	434
305	349
156	448
280	475
231	514
519	248
434	394
310	194
166	157
396	491
99	240
298	112
328	357
255	233
349	278
277	546
358	434
318	386
300	300
214	127
257	198
322	346
251	537
262	417
294	260
389	150
298	205
353	147
236	239
422	231
273	221
497	219
346	484
315	166
367	132
421	143
293	485
296	168
239	361
177	412
239	297
220	137
172	251
416	328
502	278
270	133
300	13
346	163
254	47
213	152
155	108
311	150
326	265
260	545
342	455
232	497
463	100
313	475
305	531
202	125
358	175
307	389
254	422
313	351
136	424
377	359
493	372
441	390
462	289
404	290
257	371
502	143
173	378
189	209
276	373
409	401
296	116
161	334
378	206
213	179
293	108
193	192
232	242
257	561
425	208
307	472
402	417
525	214
446	418
8	329
306	545
379	485
393	172
343	426
286	325
319	340
254	188
284	451
314	290
523	410
322	332
143	476
447	93
158	326
312	317
38	225
300	187
293	328
285	431
60	142
310	541
107	327
304	202
187	467
302	40
314	299
216	331
60	271
321	588
521	159
296	242
287	22
261	65
300	527
304	295
337	302
259	63
407	124
187	101
407	272
274	6
127	531
241	60
18	297
242	267
301	508
352	300
339	571
374	466
99	408
58	428
491	327
328	138
399	143
209	317
163	484
120	146
215	338
299	227
316	250
374	73
300	365
170	323
406	123
168	502
354	192
359	65
289	104
290	239
300	289
171	364
358	556
97	372
310	157
202	236
81	487
316	529
314	399
118	274
300	32
418	123
171	373
334	389
242	487
233	331
106	442
124	95
338	236
209	551
263	109
265	300
307	72
270	148
235	153
263	58
290	345
269	415
483	411
207	328
320	550
238	217
259	60
407	308
347	265
231	95
194	396
215	50
261	442
407	299
364	129
438	460
284	547
360	77
153	341
347	514
345	285
300	567
277	386
179	361
283	276
275	141
277	222
271	411
361	366
274	430
360	318
400	419
81	425
535	465
322	426
307	499
342	468
318	100
191	57
289	325
427	366
353	129
257	542
406	301
331	149
165	222
281	99
298	543
225	315
226	258
431	45
309	43
299	274
400	382
276	47
135	223
339	78
181	385
214	85
205	442
435	172
363	162
317	137
310	469
52	344
193	253
274	426
128	229
381	376
349	291
336	253
212	252
383	295
296	201
297	14
296	426
409	284
275	194
300	482
289	264
438	514
313	440
401	246
147	199
300	546
365	415
305	111
107	325
298	104
235	366
246	98
300	479
334	320
332	170
320	254
323	359
392	116
210	389
477	318
302	280
250	236
282	95
285	142
535	346
494	368
212	185
159	308
268	15
168	210
305	418
312	553
258	77
158	119
296	99
497	384
418	235
356	343
284	282
103	253
273	296
252	99
303	460
294	422
307	569
232	427
274	289
433	434
396	192
255	475
314	185
262	27
230	247
282	321
262	427
217	109
301	454
368	574
179	44
308	127
246	149
250	166
320	267
191	456
338	122
288	164
353	371
348	251
247	407
416	220
227	447
308	385
286	185
119	333
388	397
299	378
242	329
390	381
55	432
293	342
196	256
249	579
429	541
386	93
251	140
300	164
340	425
51	354
300	264
441	285
567	266
344	262
271	135
371	283
277	514
280	350
295	598
336	462
380	479
196	297
158	282
410	410
194	174
255	314
413	254
323	427
333	328
233	441
366	45
275	369
296	518
295	513
409	314
309	405
285	333
269	130
381	518
306	152
264	586
362	271
401	451
464	404
300	466
314	222
326	130
342	405
305	90
306	302
319	80
134	215
479	129
300	70
302	457
209	476
195	87
293	246
262	373
330	150
132	356
260	106
362	275
210	551
111	312
197	142
187	371
473	373
360	366
195	117
273	558
354	228
225	484
272	319
240	261
184	490
306	102
460	64
277	420
325	45
323	453
344	162
324	223
321	377
312	397
345	216
577	309
343	592
274	561
574	328
418	218
270	584
284	429
152	229
298	588
306	390
242	392
540	288
410	346
287	286
536	380
282	540
308	544
300	365
295	427
266	318
47	323
190	297
359	413
237	461
382	446
557	333
376	264
302	176
336	452
342	460
152	417
316	450
324	434
343	250
156	345
340	249
435	352
289	494
224	475
300	594
145	158
192	133
316	22
255	6
343	372
300	437
294	74
374	414
167	462
308	75
311	462
265	385
405	349
295	282
451	343
345	210
220	430
128	166
537	243
240	95
340	473
99	206
402	438
390	76
274	231
497	390
302	344
234	420
266	94
550	335
386	430
127	343
447	254
314	391
309	119
223	478
245	282
352	181
182	432
406	274
388	409
262	498
265	132
304	386
302	377
260	163
296	397
314	244
205	337
360	279
270	276
173	374
335	83
293	304
413	90
117	246
410	348
292	238
233	82
445	469
284	327
311	41
276	354
324	21
203	325
349	538
290	137
498	260
311	239
239	314
343	463
456	285
209	432
374	231
302	186
383	358
301	403
305	13
99	350
310	91
286	90
438	303
482	499
270	238
425	251
282	229
331	421
399	141
422	337
345	252
282	23
314	425
241	99
119	393
337	384
341	314
306	327
538	241
356	437
154	238
92	189
261	458
375	486
361	523
293	596
448	99
350	526
357	325
337	63
480	184
298	279
296	376
555	233
224	558
245	515
253	474
312	212
145	379
301	234
305	272
94	166
210	433
455	221
311	193
175	358
311	452
283	521
311	589
511	364
25	373
245	418
353	471
274	64
208	371
396	322
344	157
288	596
318	237
418	98
100	335
275	193
288	353
65	331
310	323
329	214
184	178
230	141
445	56
260	428
330	217
298	274
322	338
226	241
348	314
206	342
467	456
311	162
201	363
345	94
445	358
376	274
316	53
308	135
89	261
169	253
322	176
226	140
300	562
151	285
349	286
269	145
291	219
214	518
460	140
300	214
516	327
263	239
266	118
294	394
339	184
445	366
253	261
258	234
39	402
304	228
264	101
294	81
286	136
21	255
275	316
355	407
212	224
454	278
299	541
326	26
394	165
293	322
265	209
84	220
309	527
285	481
372	435
304	66
443	57
130	120
444	155
226	378
318	203
317	341
292	274
293	345
257	44
291	489
121	302
329	318
316	307
299	338
215	37
307	295
263	234
396	62
371	517
265	297
322	362
34	345
283	191
446	88
207	411
299	152
136	369
294	228
308	240
215	404
369	181
428	157
280	172
129	306
79	318
329	464
311	473
300	414
327	112
212	288
332	122
306	38
272	261
187	224
298	531
316	502
155	393
207	368
163	229
300	331
487	361
294	473
392	130
312	435
406	366
396	332
159	434
139	236
106	475
297	208
314	524
432	157
111	252
326	362
150	241
426	180
286	555
392	101
362	541
324	40
204	319
274	128
187	75
231	116
298	482
121	273
452	320
230	390
62	366
310	430
184	441
300	114
170	145
349	466
225	421
298	206
268	233
232	434
318	53
334	231
434	450
293	211
400	536
223	453
379	221
327	353
287	341
288	135
235	267
95	289
305	37
305	332
301	114
328	521
264	325
405	406
321	482
487	283
289	266
232	130
273	233
283	578
508	235
266	104
256	289
301	104
288	583
238	87
309	389
256	152
395	449
297	441
258	11
414	433
351	424
494	224
428	496
276	291
473	421
305	332
213	342
313	480
486	270
309	312
261	124
242	95
326	455
275	54
85	348
339	454
293	169
239	211
342	173
248	130
314	373
422	74
365	560
105	223
276	53
288	472
283	199
311	459
366	563
266	228
200	491
221	209
308	553
171	415
280	68
439	326
143	176
316	415
296	462
473	301
434	173
366	279
209	438
487	421
334	74
309	125
296	382
336	548
476	311
191	154
72	365
557	303
196	184
253	461
306	286
348	142
254	363
521	317
279	127
121	452
167	435
223	282
207	431
308	477
134	245
204	169
257	306
451	489
303	204
566	284
247	449
301	534
487	295
435	389
245	529
82	260
250	464
170	436
287	421
126	342
203	111
314	363
502	229
482	440
413	448
251	370
260	545
341	423
387	150
382	304
370	94
76	150
366	286
347	197
211	38
366	101
155	407
275	254
223	292
230	149
63	218
294	135
439	426
226	217
382	169
365	534
245	527
311	139
580	297
207	329
320	319
261	332
273	202
308	73
316	102
233	49
381	396
390	419
213	328
238	221
197	83
20	277
320	62
300	223
260	225
305	87
282	507
373	223
166	508
311	209
344	46
272	288
155	269
231	131
27	277
278	116
362	313
204	195
299	358
235	287
229	83
325	76
224	427
262	273
473	259
278	511
104	146
188	343
342	342
153	328
311	91
202	256
295	58
296	547
361	272
220	99
247	301
309	470
354	438
357	351
339	430
256	356
563	299
350	203
270	272
300	125
171	332
349	525
268	138
283	312
146	181
202	81
496	449
582	269
483	139
103	218
248	353
321	92
280	496
297	264
81	349
318	341
363	396
533	423
447	387
344	113
296	75
565	287
310	218
320	546
204	426
306	76
263	483
267	586
433	365
282	490
193	300
107	342
279	71
305	220
273	256
237	449
299	411
344	526
239	238
63	352
271	374
381	232
297	115
55	213
427	111
285	249
408	306
305	220
526	254
187	187
388	370
181	279
305	165
185	457
112	370
226	477
376	331
266	393
197	516
306	537
321	286
67	430
219	204
136	320
273	276
225	137
336	481
290	543
233	240
436	212
487	341
295	415
276	319
283	533
189	385
306	449
262	316
399	438
37	232
313	571
366	372
250	523
300	143
235	367
326	465
209	343
323	125
357	433
256	278
191	450
293	384
256	444
411	227
438	108
385	256
101	285
320	299
281	470
183	343
349	305
318	335
401	385
420	200
350	92
189	71
234	165
535	158
402	379
336	86
193	402
340	137
291	151
343	386
72	290
286	345
303	523
298	42
314	271
293	129
242	490
172	194
312	38
262	451
235	558
349	353
311	152
375	65
262	210
203	464
305	351
227	47
433	125
242	344
242	436
431	329
173	118
393	368
293	283
234	408
304	409
145	336
262	435
291	522
375	91
339	364
396	86
359	225
501	308
157	300
34	251
270	248
288	320
317	316
261	595
397	82
281	318
289	189
307	474
321	32
339	552
476	241
272	318
137	411
518	412
301	188
290	454
314	500
316	29
228	300
373	341
281	331
282	338
39	277
260	144
273	455
439	494
289	230
270	214
284	586
331	445
301	287
388	281
425	257
426	494
260	239
182	411
328	344
179	437
405	222
300	568
439	238
243	498
545	391
374	91
261	340
372	326
125	417
300	570
362	243
320	433
276	218
374	292
170	252
330	253
351	516
300	543
554	152
434	390
211	460
80	296
166	362
217	87
283	474
214	46
303	497
164	304
510	328
295	486
332	54
198	257
407	219
370	420
253	507
318	526
318	271
183	267
305	246
132	352
254	427
291	49
254	266
302	247
302	134
291	516
303	530
313	326
291	213
207	239
121	442
217	487
45	300
570	384
262	160
304	494
300	285
232	202
269	255
363	398
231	333
291	479
195	230
381	354
338	248
299	313
397	146
263	101
367	240
169	447
250	158
282	572
373	183
259	363
309	489
323	398
257	309
189	282
161	94
171	454
331	474
284	441
326	425
421	561
69	242
225	370
281	185
354	552
277	301
221	426
330	80
291	144
373	324
142	498
381	480
302	380
74	179
312	238
249	31
105	314
77	167
195	329
153	215
168	280
358	161
84	186
485	213
319	177
167	521
435	300
489	413
323	81
374	332
328	27
322	492
274	339
382	44
370	473
301	142
293	247
467	315
321	484
278	466
107	215
327	111
323	254
269	420
169	145
230	473
339	378
275	290
365	405
310	479
426	260
508	432
330	229
344	310
414	158
194	453
365	478
362	542
298	326
186	196
332	21
322	139
306	271
258	268
370	531
250	191
297	73
303	329
240	523
455	232
342	262
302	450
297	368
373	382
378	132
322	303
206	454
275	66
215	38
458	57
176	396
307	353
489	284
437	377
455	415
313	489
261	553
184	155
265	541
253	354
169	285
294	172
429	329
519	237
338	427
152	196
191	443
362	79
310	379
379	507
252	40
226	239
300	451
280	581
199	171
344	294
302	222
327	429
420	85
300	181
99	291
283	359
290	76
334	455
371	303
290	276
315	515
455	420
291	148
350	111
304	208
201	280
366	242
154	429
313	328
388	287
346	37
317	289
173	317
240	78
193	364
192	300
253	247
310	456
204	463
402	207
255	269
450	334
275	334
294	299
181	367
280	576
290	98
270	519
411	109
386	493
157	250
351	340
152	207
293	144
284	314
253	84
275	525
264	232
263	193
420	429
165	203
360	215
538	281
416	513
427	280
376	311
540	358
509	215
330	562
275	89
283	400
322	206
312	325
317	432
300	296
297	197
358	571
204	116
314	492
316	418
259	456
411	473
314	313
111	357
113	293
439	144
296	147
347	537
395	203
212	107
324	502
330	56
332	185
291	212
311	201
402	369
333	61
272	82
328	84
233	141
395	531
111	384
167	140
347	479
223	351
400	350
340	93
267	177
145	279
418	189
283	242
282	419
327	437
191	530
142	249
277	583
331	51
325	277
200	489
71	372
54	248
308	41
333	255
418	207
410	275
179	104
123	345
273	109
253	152
160	190
306	146
507	294
351	432
409	459
503	370
265	477
406	437
293	545
395	456
456	327
301	478
205	196
217	329
328	69
306	127
451	235
288	74
270	40
315	573
515	345
143	418
299	399
294	207
441	321
394	180
300	485
356	300
299	356
300	516
225	212
229	258
326	34
470	288
251	92
346	341
428	271
211	116
188	323
300	333
286	416
310	226
312	105
233	312
238	195
235	325
322	480
165	237
344	317
438	520
291	178
187	299
406	115
322	100
358	431
365	341
196	474
345	330
250	334
321	75
302	45
316	339
349	514
580	217
552	318
309	300
409	351
246	489
321	332
443	383
436	445
243	167
264	34
298	424
447	299
190	365
310	392
342	495
307	161
298	516
300	235
222	376
339	102
507	319
545	422
434	308
310	371
254	393
324	279
365	194
222	503
341	533
225	380
466	89
545	382
210	179
296	348
106	106
299	104
347	338
544	180
388	300
367	346
485	340
257	445
317	321
133	402
285	186
281	471
300	248
167	194
292	470
455	156
308	134
422	116
315	279
186	196
250	509
321	75
295	263
248	62
323	310
308	231
360	441
194	58
211	392
493	178
299	425
160	228
547	386
300	228
464	460
307	326
305	591
178	222
341	229
207	132
288	410
331	156
99	408
486	185
215	265
198	538
293	271
306	256
390	356
298	525
285	44
233	218
301	163
196	302
300	292
101	289
416	495
313	352
276	445
460	321
283	218
419	252
385	222
367	212
398	409
228	575
333	301
250	45
246	551
320	447
119	378
213	373
540	353
247	249
279	463
334	126
375	111
280	67
106	261
254	238
240	188
292	256
298	137
109	101
208	173
262	106
304	319
498	380
221	72
137	194
343	449
454	336
205	258
336	391
394	108
320	259
153	240
231	364
395	402
369	257
521	382
256	361
278	154
454	373
244	410
55	221
414	61
498	319
256	20
187	249
534	368
424	97
319	106
380	208
301	411
315	376
312	492
343	522
413	331
289	59
396	372
276	100
379	55
300	302
482	265
395	288
244	201
271	77
155	118
361	98
355	300
169	365
92	228
165	385
361	180
353	474
279	532
448	190
305	358
312	574
348	71
324	437
258	238
204	412
261	370
128	220
289	419
451	360
238	127
512	267
389	49
284	503
365	368
166	244
267	45
322	338
380	431
222	500
404	216
323	482
154	134
366	112
327	67
301	512
300	233
258	255
149	326
201	278
415	217
408	345
224	148
291	453
366	479
322	448
283	94
201	168
288	283
530	331
121	277
334	311
408	278
177	468
389	204
470	276
380	203
154	138
171	499
305	360
262	485
443	389
462	350
300	124
300	533
71	387
160	439
150	340
255	271
541	322
293	32
228	510
245	133
284	306
474	145
371	193
410	228
402	195
341	478
550	260
446	123
388	308
412	183
306	100
152	175
405	405
322	549
441	177
476	395
234	347
200	344
88	364
276	347
235	147
310	449
334	409
263	31
325	291
249	175
262	520
306	164
523	410
326	234
415	290
313	333
274	58
300	135
250	129
377	240
245	307
367	84
320	265
309	372
318	72
311	349
228	176
246	574
422	223
170	423
273	520
326	65
158	338
299	236
306	313
175	126
299	310
99	365
165	162
160	206
374	191
569	266
247	232
380	447
497	136
402	181
296	569
553	178
360	156
260	559
337	558
233	350
291	415
411	58
305	396
78	435
401	430
301	141
266	425
249	146
447	198
406	207
347	261
300	310
376	116
265	324
293	432
315	228
325	307
246	418
307	408
217	325
206	299
328	299
300	161
376	423
366	466
347	344
237	69
228	190
112	300
315	230
150	232
395	272
139	280
241	298
337	312
364	497
82	292
325	253
215	424
506	369
177	441
198	54
504	131
170	325
520	232
206	568
374	304
55	280
187	428
343	104
334	506
381	445
364	331
306	194
424	318
255	188
252	310
200	43
285	308
251	526
333	72
316	187
278	354
367	211
382	218
167	391
300	433
281	111
301	533
327	133
410	270
394	31
474	303
95	464
485	200
164	326
249	284
355	438
331	582
112	230
563	261
188	202
228	332
351	541
237	575
247	244
185	292
360	48
421	192
195	104
270	268
477	165
355	402
356	527
257	564
274	333
118	228
298	156
265	464
256	202
198	393
267	60
275	329
82	340
296	180
288	500
209	161
171	484
402	344
270	326
118	309
307	145
171	178
341	539
312	50
238	201
315	469
162	474
524	307
536	294
278	230
397	148
304	93
251	59
307	295
210	182
257	484
200	303
335	174
253	342
405	168
25	218
278	503
301	463
362	394
148	158
270	88
260	246
308	476
317	412
302	86
479	312
211	522
335	429
244	80
371	76
325	119
259	392
302	408
388	388
352	404
241	497
420	111
376	449
191	222
194	151
20	297
337	485
371	527
407	262
443	207
95	408
362	517
323	158
363	325
255	342
362	377
385	261
152	269
277	188
352	325
357	296
427	515
317	136
246	558
362	134
222	252
392	412
264	570
256	269
515	420
350	543
491	297
201	467
296	512
313	524
326	316
464	471
309	88
371	107
297	18
297	114
185	279
287	359
386	532
313	503
521	220
279	552
171	265
353	516
430	392
180	381
298	240
367	406
63	241
341	544
301	241
269	338
390	493
349	364
287	448
329	357
192	419
451	158
486	222
364	498
530	381
205	272
89	267
434	349
350	426
523	217
212	300
198	49
147	362
298	328
290	421
262	229
392	329
291	231
356	427
359	412
507	368
427	255
557	180
295	316
446	266
293	215
300	343
297	239
394	408
436	386
290	387
492	441
194	93
309	581
213	477
155	472
290	459
153	138
264	399
405	347
407	218
320	52
475	274
274	384
191	443
461	467
317	141
325	319
224	336
200	441
406	547
284	430
142	528
335	218
385	360
449	257
467	431
305	231
286	37
291	551
318	459
252	397
352	250
294	521
330	394
270	308
250	408
255	93
367	336
291	232
392	273
478	126
447	163
233	317
182	401
300	305
340	155
305	216
505	300
165	277
320	275
464	187
277	422
264	545
273	223
359	315
274	353
376	49
309	519
122	261
174	211
196	285
502	413
435	300
315	298
217	195
267	329
321	113
365	102
41	274
239	338
310	30
421	315
551	347
532	472
278	486
447	341
459	155
262	441
307	198
181	181
193	306
433	353
147	318
193	412
235	438
251	381
300	310
489	296
416	496
298	277
257	495
382	361
418	338
269	159
430	124
237	19
91	141
297	267
320	195
269	210
162	239
324	339
70	130
330	221
180	243
360	422
146	247
236	322
394	206
298	526
371	167
300	110
285	487
331	288
265	426
386	238
349	438
421	129
236	464
242	9
323	496
547	434
334	16
205	172
73	348
273	171
294	328
271	386
300	173
287	6
286	422
345	531
350	151
410	119
328	490
294	230
420	455
179	149
334	382
233	132
407	478
354	96
210	32
275	212
454	245
329	219
251	355
211	273
174	293
340	348
279	339
264	100
478	347
125	375
159	240
482	319
302	227
486	364
89	375
287	283
300	118
282	163
300	464
251	342
273	299
341	179
270	77
332	119
176	248
356	250
302	298
80	408
408	389
300	434
421	105
304	242
255	572
195	496
300	537
265	343
169	324
488	418
160	379
247	125
212	156
338	441
434	251
431	134
300	180
284	95
311	204
302	455
107	462
310	407
322	393
266	272
284	459
458	155
458	432
431	102
219	283
290	258
356	202
418	199
97	360
304	524
300	450
594	281
318	195
304	410
330	418
298	300
231	293
168	115
205	157
166	200
453	224
349	444
282	554
336	321
525	342
411	429
291	293
505	320
289	190
162	64
247	143
90	275
85	367
332	451
374	447
430	69
153	369
353	513
487	364
317	188
384	208
314	477
305	517
232	372
376	160
250	434
229	568
311	330
237	261
494	195
305	505
493	372
299	438
74	275
343	495
300	497
298	221
144	164
287	298
248	507
295	16
266	413
341	377
360	172
300	141
456	145
326	265
507	479
483	397
352	263
311	62
321	298
186	511
357	89
344	52
235	264
286	454
583	293
255	191
375	187
476	333
189	300
374	395
377	551
228	414
427	83
147	441
318	339
290	55
188	224
288	570
390	210
315	413
292	209
249	348
346	195
491	274
307	34
249	271
283	486
84	206
263	41
497	235
133	353
252	229
293	537
195	369
407	548
336	280
274	367
524	318
251	165
226	435
363	461
263	498
168	121
465	341
181	255
346	209
278	268
281	27
307	498
345	505
543	278
237	84
300	214
408	58
300	361
331	258
302	485
286	458
301	359
166	476
192	202
479	303
78	405
178	345
303	534
283	331
252	429
292	112
300	508
299	469
329	158
217	402
261	249
349	460
378	236
307	551
284	288
309	128
230	550
312	159
302	67
413	162
476	279
204	300
317	277
428	390
318	180
344	289
317	304
300	407
166	362
308	409
376	339
301	345
310	286
253	473
318	8
231	134
218	479
304	171
292	9
345	484
252	560
293	316
281	166
136	391
332	211
399	413
258	446
141	304
313	424
211	569
286	151
300	338
203	79
309	433
232	244
476	384
301	357
464	314
236	63
265	157
326	308
188	405
359	230
338	443
352	324
136	327
303	594
205	393
292	405
256	433
392	132
425	337
513	248
497	304
375	216
398	167
453	406
242	475
276	300
304	20
286	405
209	214
331	29
279	275
83	396
243	163
251	64
349	351
339	274
324	347
157	96
215	512
232	307
300	335
332	336
195	264
365	126
421	275
312	392
299	260
180	329
461	532
466	161
435	550
266	119
373	446
346	405
181	304
398	503
323	479
361	309
259	39
366	229
209	407
173	214
374	321
403	251
366	390
339	500
288	511
148	408
317	445
364	49
224	239
360	304
181	486
245	338
359	225
294	274
311	313
328	473
361	364
451	290
347	333
205	317
310	26
336	574
204	213
294	227
295	97
45	284
92	133
241	452
396	307
304	303
44	190
325	397
340	358
160	309
297	383
400	354
437	428
443	452
118	308
228	142
320	336
303	315
233	485
316	167
121	268
305	14
197	337
175	201
217	315
282	33
319	403
295	512
384	497
266	380
303	408
401	129
379	522
349	262
165	284
212	325
542	295
196	475
182	523
411	345
357	438
282	454
323	492
349	58
380	451
246	158
273	307
335	68
130	443
196	257
321	237
453	260
358	465
414	416
378	416
207	159
299	233
299	224
306	62
224	556
347	289
219	281
331	483
207	148
264	301
250	378
190	283
235	501
335	371
340	337
246	232
116	130
296	329
242	294
273	337
275	92
197	207
279	247
402	178
155	93
182	453
278	64
404	119
293	360
311	582
282	19
343	46
502	429
312	7
317	482
266	78
276	112
263	141
325	176
329	359
91	423
362	427
288	4
30	180
348	500
302	150
321	470
545	288
235	303
165	310
308	314
515	187
292	581
413	193
293	83
291	330
308	516
217	436
60	316
142	229
292	470
483	347
309	426
272	8
301	293
194	379
307	469
386	214
405	198
335	42
108	320
224	287
329	311
234	202
390	289
188	454
237	125
219	298
282	206
350	453
312	239
146	255
299	434
288	120
76	310
297	398
313	226
299	257
431	198
290	521
423	88
294	496
123	380
444	448
366	408
316	90
453	341
169	427
157	438
397	558
486	222
453	279
383	98
426	159
284	359
256	222
308	24
182	176
148	189
293	168
341	392
473	356
315	261
276	410
297	151
358	523
230	210
338	365
226	565
315	133
435	520
353	282
231	293
301	291
244	295
288	569
269	77
344	560
251	301
402	406
345	332
367	184
194	325
193	266
258	268
506	350
296	107
289	345
145	190
301	317
314	188
204	150
306	272
300	449
305	510
195	362
262	174
253	39
327	141
284	459
226	444
181	325
371	170
326	284
306	566
309	223
201	71
284	457
273	83
323	67
403	204
346	24
256	507
462	159
133	200
287	116
271	565
167	212
194	194
352	376
426	330
367	442
120	292
301	482
501	337
300	362
311	212
338	338
314	35
304	301
312	207
360	274
170	464
179	245
170	532
207	240
394	150
439	264
437	134
286	460
238	100
300	426
481	363
367	288
194	246
101	122
131	193
398	576
475	445
434	287
148	189
297	249
281	266
103	107
302	155
453	440
300	335
241	319
364	545
53	424
317	24
275	327
297	154
284	37
430	544
319	448
453	155
182	129
297	418
334	458
343	293
171	330
63	311
215	490
244	142
286	362
140	287
256	368
489	313
398	71
282	244
386	344
300	390
420	216
389	231
325	43
315	437
282	131
303	214
351	358
267	454
295	355
363	202
390	546
361	58
225	74
333	510
221	194
347	164
139	137
284	398
188	244
153	335
368	256
308	242
315	194
335	588
399	73
257	367
377	432
279	533
302	110
458	214
312	43
383	269
439	233
284	287
262	465
382	51
407	387
291	352
143	90
327	392
144	310
335	328
111	295
253	292
367	455
308	109
304	414
315	289
311	305
276	152
300	281
301	265
218	256
204	334
121	282
290	99
271	202
163	202
298	16
497	195
309	128
368	171
286	255
371	585
473	454
308	367
300	279
285	209
357	71
474	478
131	387
300	339
417	188
230	461
270	113
158	170
312	130
286	146
247	268
309	343
401	483
287	200
364	308
393	252
439	489
227	197
34	372
304	144
404	425
218	242
215	519
270	78
301	460
384	120
186	197
237	492
94	402
187	423
418	394
307	34
373	542
320	521
289	297
362	491
404	338
256	67
213	364
309	249
409	270
297	424
249	117
300	282
316	181
295	165
239	381
422	388
181	252
279	275
44	302
300	273
434	305
248	245
215	449
136	146
328	305
450	447
225	453
445	196
275	326
264	321
304	455
390	319
305	527
345	192
380	306
310	248
324	562
196	289
259	450
268	31
277	118
290	167
132	313
315	484
181	131
199	363
333	79
482	396
209	297
255	235
272	262
261	348
277	390
241	503
326	199
385	294
426	244
367	340
337	268
322	407
74	344
339	117
436	133
517	335
253	73
92	289
503	375
267	478
446	250
130	446
280	201
301	388
183	470
349	565
281	294
300	341
254	113
349	122
265	323
278	582
312	233
213	439
328	562
68	242
317	498
342	14
253	173
278	463
371	429
241	227
201	514
301	583
365	522
275	543
315	155
308	213
400	302
269	237
272	358
246	344
249	364
483	276
140	266
323	440
279	164
310	73
404	248
277	584
217	48
381	442
369	403
225	307
553	346
428	428
586	303
319	484
17	326
429	443
276	362
376	415
284	305
255	243
308	310
219	367
350	425
181	477
99	196
254	174
297	272
277	542
265	413
91	367
133	331
376	110
315	185
293	222
339	396
388	302
437	387
354	302
316	354
302	109
339	318
325	594
402	69
97	315
276	238
566	342
353	213
63	322
494	155
217	257
392	282
274	520
136	421
273	418
157	493
528	395
176	289
302	305
359	442
295	32
269	181
468	402
299	369
308	156
398	269
45	345
271	384
477	170
201	172
126	423
277	165
317	481
438	335
338	534
340	146
341	429
289	327
362	118
64	379
301	272
444	232
335	317
279	258
467	486
248	349
107	285
259	88
298	299
253	294
21	306
300	350
315	252
403	409
306	500
253	164
217	464
168	338
270	577
135	158
396	343
239	512
239	258
178	283
136	134
227	312
205	279
105	193
350	575
274	45
172	550
301	541
148	252
279	421
439	440
313	382
514	158
447	144
147	352
370	546
287	560
295	543
530	459
89	351
286	204
368	288
144	463
279	416
318	421
291	55
385	549
202	291
225	312
109	351
299	375
334	404
306	119
376	278
460	414
429	348
297	131
382	445
340	464
169	512
265	443
159	147
148	238
506	260
299	463
276	294
159	439
362	344
115	269
278	535
245	360
236	542
281	145
325	427
499	404
313	322
138	453
561	253
312	258
135	346
310	527
452	368
232	223
311	383
340	28
418	286
300	105
322	346
191	236
252	343
253	502
396	424
235	542
299	570
167	106
330	497
240	417
298	228
302	246
340	532
269	356
226	497
331	465
120	248
398	290
168	228
278	419
255	162
327	33
490	424
139	232
335	509
242	337
574	203
137	161
315	81
188	72
163	289
414	146
444	347
158	361
306	35
318	430
450	519
218	387
454	328
212	140
300	253
265	18
333	192
283	377
360	205
171	341
333	247
376	236
192	351
284	240
461	155
350	32
313	293
269	88
147	403
348	250
329	222
235	444
301	461
293	131
278	414
309	296
309	477
219	329
141	455
286	197
242	358
370	295
561	306
319	510
240	121
529	356
318	194
153	161
146	327
357	88
310	567
209	271
232	539
383	426
269	341
496	336
342	454
90	245
377	309
292	167
563	293
397	308
306	527
326	181
340	243
326	49
146	185
326	223
313	229
305	408
208	493
298	297
517	225
318	475
385	467
173	190
329	335
261	340
324	498
150	396
435	62
306	184
353	441
149	303
294	211
236	319
339	74
255	492
286	285
146	218
439	90
439	332
46	332
178	225
323	207
263	345
224	473
138	114
209	219
269	250
421	369
378	209
298	247
90	312
399	108
312	22
26	322
229	579
249	188
221	412
317	550
313	439
120	348
380	199
325	232
303	58
449	458
143	222
469	87
290	498
285	573
518	417
269	317
313	216
365	259
461	278
393	379
336	329
465	267
200	420
280	76
364	50
320	483
320	279
311	50
231	155
315	148
271	224
369	436
228	413
425	469
117	377
252	289
234	238
215	484
334	124
227	152
114	314
300	331
310	338
275	65
39	291
249	187
231	495
258	152
487	490
357	343
300	328
386	354
266	549
36	300
215	458
420	507
390	353
256	29
343	264
294	131
283	350
264	407
295	569
315	303
435	316
316	408
329	444
571	264
288	174
341	447
305	28
274	537
222	509
320	415
427	75
320	272
270	72
266	334
230	30
306	251
336	437
283	512
289	483
154	429
132	240
128	259
273	316
491	180
373	457
390	253
308	312
311	101
322	33
286	201
326	444
490	409
249	378
324	228
224	100
461	298
302	367
119	273
167	401
390	447
200	417
256	232
150	398
406	461
353	543
371	128
304	92
307	365
269	168
395	389
408	334
96	421
337	569
405	569
346	322
474	338
284	284
255	372
329	17
300	64
349	126
241	144
212	156
297	590
341	233
356	323
303	268
76	266
317	417
309	383
60	236
278	12
177	269
193	339
231	494
429	424
300	489
249	158
361	343
326	390
348	287
290	321
222	265
324	345
320	240
316	408
375	268
270	14
432	250
311	146
187	174
239	378
344	482
253	498
211	257
427	78
304	279
86	133
326	238
306	408
359	425
233	55
358	73
306	121
429	363
448	258
301	529
370	141
140	370
330	139
306	425
280	479
100	158
406	198
416	395
427	239
295	410
444	317
422	211
474	143
222	218
239	321
134	461
303	278
268	274
304	487
304	349
456	414
309	134
231	369
271	327
356	31
327	406
515	440
325	360
444	193
250	446
343	543
398	392
210	245
364	339
370	284
447	281
364	484
359	493
286	556
300	388
228	499
427	262
310	442
345	277
368	86
108	408
313	98
251	227
304	319
364	186
254	320
426	423
245	235
303	503
158	187
260	126
500	255
254	467
219	141
355	321
299	122
426	332
361	542
409	412
238	404
466	410
86	321
236	406
312	37
356	431
261	56
202	170
278	33
298	64
376	271
303	311
488	117
569	296
491	422
273	134
272	276
379	482
308	82
299	73
480	345
303	383
400	242
252	222
281	249
119	142
362	414
375	298
303	139
369	406
340	256
451	508
154	325
223	104
253	493
152	241
261	325
227	319
289	338
392	394
371	202
311	335
359	307
387	352
424	501
513	469
337	393
445	398
368	303
267	396
191	158
225	408
290	445
307	484
249	433
302	340
300	561
252	331
198	147
382	350
368	457
409	85
342	348
420	390
306	319
419	406
300	543
377	121
289	491
371	309
250	373
206	189
181	260
372	405
309	121
255	142
437	168
272	422
313	430
346	41
343	173
406	307
28	393
304	508
212	473
370	140
308	362
389	240
299	492
271	109
118	456
211	566
148	538
445	121
290	471
122	213
435	537
432	459
248	245
259	591
304	547
231	344
323	468
199	134
267	287
155	70
402	321
454	252
296	511
307	485
164	131
304	119
311	386
312	366
284	521
42	180
295	211
321	542
378	294
199	213
295	406
329	141
191	244
385	55
379	415
169	341
349	479
148	285
186	221
316	73
311	379
440	303
156	503
253	501
508	360
180	486
306	40
180	162
261	419
300	374
193	281
306	202
344	406
285	303
249	128
175	100
198	334
328	237
287	136
220	420
122	443
117	249
195	137
355	14
346	284
184	357
381	309
193	405
378	259
480	382
359	318
432	516
276	46
149	438
240	477
336	344
317	438
226	441
304	89
294	567
372	311
54	300
342	233
386	297
292	291
310	124
323	556
246	218
480	203
118	341
272	450
272	347
195	358
282	547
229	80
321	90
307	376
239	453
250	405
313	567
289	307
299	256
209	263
317	279
484	202
532	232
234	273
207	334
300	80
302	224
412	451
307	376
288	153
291	222
282	148
324	385
190	293
120	332
343	298
352	556
186	47
294	531
306	379
219	329
292	457
515	231
250	320
89	420
19	318
337	377
302	531
233	251
267	485
340	442
212	441
487	223
554	270
413	111
389	42
293	437
300	274
460	203
216	196
429	199
321	25
376	329
301	459
144	327
327	143
212	337
415	192
324	353
344	346
481	305
231	499
396	340
281	193
342	350
330	395
311	551
351	235
136	424
126	317
457	298
175	288
218	190
147	250
264	441
451	183
300	588
352	566
424	80
316	586
388	369
366	174
445	509
292	345
258	303
271	99
378	439
311	476
429	185
243	247
274	176
296	196
336	217
207	309
34	300
171	479
270	197
169	300
371	89
273	499
316	244
303	509
275	246
250	335
511	330
260	312
394	260
247	191
40	222
389	360
169	500
200	235
344	341
350	34
317	110
225	552
85	374
276	463
539	135
421	33
324	43
306	130
302	383
379	188
300	508
295	89
316	198
454	406
358	555
251	245
179	394
162	303
316	211
306	230
201	154
195	232
353	265
96	257
317	191
258	447
318	264
306	328
300	364
274	285
323	590
416	413
303	331
302	363
309	239
518	314
236	475
214	530
237	205
242	82
259	267
262	517
368	559
315	241
215	353
290	173
421	375
338	192
429	222
495	165
255	299
414	388
189	365
307	392
358	63
247	353
472	333
242	455
343	507
463	300
306	259
295	89
270	233
320	271
281	136
317	375
302	188
413	408
272	394
206	269
248	169
181	295
231	413
220	522
314	304
300	418
127	329
340	403
146	216
300	413
462	475
380	299
367	300
288	323
277	416
214	221
285	219
472	343
222	228
181	216
264	466
300	170
285	519
421	488
385	564
313	315
110	354
261	540
194	155
292	526
321	118
396	542
298	173
297	287
305	171
407	336
185	154
292	133
79	245
355	435
319	264
326	308
292	256
332	289
190	247
300	493
306	328
241	442
348	460
344	60
488	466
327	208
442	290
333	436
233	93
267	222
529	428
328	438
379	207
331	152
173	204
308	152
307	123
240	206
245	358
424	307
375	36
396	195
240	52
342	313
300	219
280	519
473	193
264	55
264	33
497	476
302	296
355	496
307	212
281	300
330	472
306	265
380	293
464	420
291	314
499	466
57	427
360	64
209	264
431	407
344	334
300	114
121	270
441	287
307	506
300	422
252	191
278	308
302	114
289	505
383	150
410	278
373	326
336	209
40	318
323	206
358	369
353	202
321	219
348	358
479	129
246	85
280	392
352	501
494	459
255	154
261	230
302	516
325	286
240	230
253	67
303	295
34	366
483	200
261	232
194	288
335	45
387	537
320	226
118	263
245	296
444	287
317	287
355	247
297	127
478	274
462	297
428	240
271	256
275	33
355	193
350	417
324	140
152	254
581	317
283	358
300	167
289	55
339	346
378	290
318	414
402	386
337	143
248	198
300	322
170	364
363	459
305	248
301	120
316	419
320	434
376	345
355	470
312	491
255	527
394	210
323	331
336	169
305	552
215	213
288	591
304	123
187	312
192	248
283	359
242	206
210	82
365	72
280	204
115	279
529	270
204	108
369	353
377	348
300	98
483	326
492	180
300	332
275	569
428	294
291	303
301	178
410	450
362	107
265	310
330	399
297	513
298	431
279	545
289	313
311	524
408	451
261	121
387	23
326	85
244	323
300	403
305	217
519	268
300	551
296	119
424	169
290	37
309	565
302	569
302	440
242	526
282	438
327	314
291	396
502	167
300	217
227	180
322	499
273	517
332	388
284	88
279	191
419	258
139	315
247	510
387	80
447	481
374	498
402	60
294	234
476	415
380	537
299	399
300	531
381	355
438	422
189	401
485	249
99	133
258	30
189	340
237	344
321	31
464	336
286	423
300	96
254	199
387	473
324	196
301	185
279	410
295	504
419	95
292	398
300	445
156	341
358	436
345	237
239	180
51	227
107	440
356	291
289	431
510	286
374	214
247	475
293	135
407	118
294	564
207	238
398	319
300	170
316	359
425	192
494	152
272	101
291	419
286	470
527	282
328	415
302	59
315	584
340	160
305	420
317	213
144	279
485	239
320	479
486	228
476	495
388	172
249	284
306	414
288	333
197	418
335	178
373	187
317	488
311	56
130	294
407	510
361	78
324	498
119	86
354	245
314	23
548	325
232	334
301	320
237	88
319	144
287	350
461	224
171	416
311	548
331	184
292	481
440	146
311	211
314	271
303	352
335	25
298	456
321	572
317	125
302	498
417	406
417	418
257	433
181	219
392	187
283	596
232	502
353	306
332	309
277	65
299	126
286	563
335	495
362	363
197	410
275	255
295	552
309	390
500	262
302	176
285	113
167	77
277	261
336	353
304	409
198	67
158	414
458	281
296	140
300	108
83	290
330	191
386	326
430	96
358	355
347	103
257	212
289	379
202	169
291	438
179	249
224	144
369	250
430	411
131	335
330	476
489	303
300	309
161	261
211	423
308	533
301	577
304	69
288	300
377	453
325	172
278	304
394	107
250	246
367	287
278	83
257	182
205	262
123	374
235	215
319	170
366	247
509	440
338	121
509	280
319	417
403	322
295	223
110	308
219	279
395	332
268	51
263	240
257	300
308	591
188	269
343	192
293	221
299	330
141	509
354	149
335	418
325	68
260	344
92	423
298	423
166	322
373	128
311	584
267	94
464	215
300	73
380	317
415	167
250	459
77	250
277	328
275	273
316	578
158	153
300	96
340	363
478	300
284	493
225	164
432	326
165	356
300	429
304	313
302	300
298	31
330	399
285	438
331	231
87	384
336	176
442	419
241	390
409	515
300	300
389	130
217	434
445	246
396	477
360	123
285	271
323	111
301	340
400	287
105	258
329	146
540	285
349	138
300	101
411	230
299	143
494	240
455	339
389	473
402	288
402	209
372	307
307	239
296	417
335	356
242	471
265	256
238	124
452	253
371	395
374	160
331	200
479	312
287	181
418	507
492	340
338	155
161	237
285	143
334	266
350	424
399	286
300	311
240	357
211	504
425	544
444	297
298	480
307	35
303	73
226	466
457	458
232	493
62	150
306	433
475	402
296	73
79	265
266	191
341	17
261	97
299	250
250	299
290	513
323	136
95	399
252	169
304	377
267	141
472	115
379	213
309	187
313	416
408	397
276	507
312	127
333	298
294	140
312	59
220	283
183	212
218	294
404	296
243	322
253	129
131	129
289	477
453	290
321	417
357	237
135	217
295	212
279	77
433	471
300	355
286	169
96	183
392	208
377	151
340	156
424	196
351	444
348	19
365	380
360	268
287	186
500	372
267	520
433	464
396	302
285	355
377	511
369	100
275	367
264	163
296	230
407	61
321	63
142	321
470	241
302	303
313	275
277	186
512	346
232	183
51	420
226	83
286	93
588	296
285	235
408	325
461	281
298	372
378	149
233	29
290	503
231	237
258	424
411	250
246	509
301	477
462	438
332	254
385	467
347	441
255	471
186	316
298	515
468	300
313	226
295	205
475	167
104	312
153	367
286	270
300	217
231	295
475	281
280	338
340	270
270	224
245	494
227	521
497	255
305	532
162	423
174	315
462	293
314	416
210	462
355	336
321	159
259	387
240	336
462	176
331	152
139	394
315	344
251	265
211	192
209	70
301	14
331	214
195	192
319	124
503	226
439	243
243	407
261	373
284	314
338	539
299	236
473	416
315	441
90	103
226	389
303	43
264	170
305	539
340	276
310	99
301	250
304	68
279	138
163	295
291	331
395	39
296	526
103	163
422	198
272	409
428	482
287	45
300	76
225	446
143	335
380	441
214	239
190	179
217	428
212	285
288	220
90	346
296	149
499	158
350	146
434	453
23	366
345	95
15	342
227	329
72	262
204	233
323	401
153	189
313	27
142	480
316	502
297	127
436	211
263	17
92	283
325	547
505	332
427	400
292	164
297	244
247	555
182	429
204	439
478	288
153	399
106	340
246	498
309	269
267	391
273	258
542	297
201	176
400	240
37	231
298	404
141	302
367	43
72	233
362	443
436	272
485	385
388	420
194	347
223	131
272	276
383	349
297	169
267	86
285	106
276	115
408	134
309	544
317	362
285	503
277	221
330	272
344	115
252	263
302	418
410	438
230	196
236	154
155	299
339	493
147	120
347	111
127	414
246	554
302	347
291	470
364	429
307	484
432	77
388	302
245	462
209	396
379	263
313	428
338	214
321	289
334	388
291	99
138	332
261	351
274	68
483	89
261	488
207	343
343	428
253	323
300	442
304	481
257	370
237	421
300	229
298	182
300	432
295	260
467	209
466	212
327	201
261	237
494	282
226	390
304	156
420	186
294	324
188	257
330	504
274	184
472	339
207	203
300	131
300	413
261	195
301	467
268	208
277	364
245	403
357	312
295	300
401	375
122	421
258	299
210	394
304	557
159	241
339	371
293	146
293	13
173	316
75	270
25	326
320	244
327	552
358	132
303	463
365	230
513	224
454	515
485	331
264	490
353	201
180	309
257	299
484	356
538	178
481	143
141	515
310	252
297	70
364	320
296	169
289	426
240	318
310	498
292	592
366	201
375	391
341	411
299	452
191	291
268	516
224	146
307	21
317	48
332	441
288	55
473	346
303	256
249	447
374	531
374	301
347	129
475	384
328	336
342	253
276	347
303	390
415	302
469	161
289	151
401	406
231	292
61	278
38	400
234	543
410	334
210	372
390	194
259	502
383	146
66	250
448	361
438	485
186	55
97	484
264	195
300	566
123	169
371	212
463	169
294	58
374	140
266	50
237	19
299	535
140	430
292	141
339	102
264	531
398	381
433	338
242	436
520	352
479	243
195	530
168	395
319	135
401	359
169	102
295	455
295	380
445	263
311	584
422	475
225	112
361	196
269	245
182	413
260	446
452	394
294	344
216	233
198	269
304	52
436	313
511	316
345	48
244	318
253	292
447	251
313	575
288	359
297	553
327	418
133	379
303	322
301	70
261	443
300	333
425	95
118	357
297	408
379	467
440	319
319	80
315	243
243	59
300	255
144	228
556	170
310	45
312	426
393	389
385	153
271	381
546	369
344	118
305	194
289	328
305	583
323	119
108	362
284	69
378	131
477	243
186	387
433	66
271	143
311	105
348	72
328	63
312	506
272	116
483	233
206	318
278	424
252	246
303	139
460	209
419	442
419	390
292	456
302	183
326	373
104	313
293	573
309	332
358	483
170	88
309	516
117	172
359	458
257	81
234	65
438	241
310	285
182	344
450	378
339	337
240	293
420	414
286	186
253	225
483	295
332	216
446	263
366	52
366	528
301	216
268	68
389	161
369	160
259	410
297	434
359	399
368	211
197	171
130	171
330	480
97	129
288	414
309	384
318	217
338	457
561	224
183	248
406	339
380	280
289	406
220	310
362	259
270	421
109	317
324	388
239	532
311	280
439	329
216	254
289	192
304	484
325	13
259	384
301	118
201	320
194	265
441	335
244	374
258	143
157	496
220	263
162	217
296	350
321	309
448	237
325	569
300	495
194	217
356	49
276	264
390	239
313	377
317	148
382	147
294	378
316	506
263	560
252	163
485	487
394	102
298	270
131	221
85	212
362	384
339	107
305	228
556	316
301	65
332	45
300	221
258	510
219	281
385	442
318	232
194	449
443	489
400	432
222	368
261	87
260	438
202	127
245	400
208	464
144	207
234	107
301	230
265	282
374	150
285	126
454	236
175	234
304	488
216	70
344	157
434	471
314	113
380	535
505	254
333	398
380	448
259	412
181	489
297	328
111	167
509	258
331	508
508	190
307	246
477	218
288	124
263	103
385	119
343	328
266	317
140	271
464	379
303	25
370	233
294	545
316	114
307	236
29	267
281	13
224	100
350	364
300	377
242	463
118	287
120	333
209	180
476	473
277	80
266	155
250	204
259	553
348	266
294	385
303	179
457	341
226	147
271	121
141	318
261	527
390	142
413	300
239	145
431	448
199	232
384	421
324	139
324	325
243	516
470	157
347	570
331	55
174	173
162	496
203	49
184	529
202	336
304	381
406	419
321	49
203	80
311	216
363	455
262	162
522	338
217	416
254	200
181	425
490	511
268	151
295	85
416	281
317	22
296	587
290	329
469	256
333	180
298	354
310	67
417	445
254	380
343	288
298	473
317	4
118	191
237	300
349	254
370	504
235	62
307	333
332	464
259	204
443	120
439	456
440	117
367	441
224	182
98	344
159	380
410	351
257	402
236	163
263	123
252	336
222	326
155	206
279	344
395	297
324	120
142	480
182	247
519	233
270	381
258	393
278	445
336	144
549	285
301	363
311	7
307	268
294	382
130	152
310	330
238	261
171	161
327	148
389	229
65	396
138	429
298	486
436	348
295	47
272	268
125	400
265	456
315	518
308	575
304	222
275	507
324	178
190	222
308	255
300	563
193	140
182	203
169	93
575	337
288	279
296	446
130	300
288	118
239	159
354	253
284	438
328	207
246	356
288	128
37	264
293	486
140	199
318	358
148	249
120	375
467	230
477	514
278	469
87	405
269	228
448	404
368	406
350	250
300	80
281	300
270	220
315	219
247	419
314	359
258	284
309	218
62	272
514	288
368	283
490	206
462	433
258	548
485	475
324	80
190	446
35	376
251	217
268	169
410	411
182	332
239	141
268	123
269	187
481	134
376	115
126	187
272	591
320	151
289	301
52	286
252	550
380	320
301	34
288	492
342	279
323	105
294	121
238	317
259	475
352	94
190	439
323	228
337	279
200	370
322	157
364	101
312	503
282	397
135	267
283	579
145	356
313	392
319	45
249	169
279	473
323	147
243	254
415	433
354	340
212	84
325	192
281	581
231	208
387	334
362	229
294	43
327	74
371	295
403	470
185	53
376	246
350	406
220	268
442	365
303	53
310	202
539	409
512	360
403	573
488	421
300	407
503	132
354	412
333	44
193	287
390	377
338	528
170	67
239	397
285	447
313	9
339	444
432	268
335	412
542	271
246	403
309	181
142	182
377	558
269	365
377	153
370	311
290	333
260	197
415	199
204	301
202	210
233	137
222	323
472	390
403	118
305	255
345	55
119	231
528	348
350	558
301	145
302	526
150	203
182	497
251	591
469	271
312	350
303	352
292	526
368	502
194	398
465	295
334	174
144	533
230	460
327	372
65	266
349	443
110	210
305	118
308	173
360	131
241	373
230	496
253	239
270	381
387	148
295	229
188	239
501	284
93	235
352	222
415	232
295	529
281	138
147	403
277	523
310	401
282	157
325	116
338	585
341	446
386	210
322	398
345	196
228	296
404	432
282	181
300	219
264	192
439	313
465	384
267	401
214	95
269	261
325	255
299	494
59	183
449	322
240	531
331	478
297	44
328	12
464	378
458	175
308	224
360	377
251	536
109	482
73	220
303	236
538	456
318	357
352	490
453	136
380	433
289	114
303	359
174	283
420	388
183	177
394	309
382	331
488	281
439	316
229	226
318	510
370	145
283	474
149	239
206	356
432	98
308	161
238	174
377	463
357	337
437	415
457	360
314	576
245	197
274	259
299	292
290	147
450	424
415	554
350	278
335	41
321	345
193	219
455	114
274	572
355	464
297	365
197	512
273	105
288	217
297	416
144	399
282	188
78	154
335	312
294	111
333	429
396	206
316	266
364	227
270	443
300	401
179	195
97	497
250	198
242	21
233	341
300	113
312	184
280	405
462	310
555	278
345	141
508	422
278	129
247	494
272	213
335	586
148	167
516	307
384	105
323	545
290	444
406	111
225	106
320	360
453	453
579	324
335	498
94	347
300	498
157	427
379	203
407	112
405	386
113	297
77	306
269	158
363	474
296	449
245	442
315	93
266	206
187	441
357	233
273	166
317	223
202	99
282	443
295	215
358	38
298	10
283	419
274	230
308	273
324	134
173	224
293	426
218	119
442	441
453	376
352	326
375	445
386	97
235	346
324	404
149	218
382	310
32	321
382	163
310	568
392	165
317	126
353	228
201	162
169	311
319	384
302	382
315	211
78	195
222	293
287	90
279	452
315	176
288	236
490	315
322	274
355	409
300	440
111	272
300	511
466	469
532	379
309	385
106	176
177	479
52	400
294	64
262	516
426	464
432	260
281	367
174	307
511	347
296	477
478	209
315	576
221	388
542	286
348	417
300	596
294	459
290	540
325	525
99	204
381	352
231	246
151	280
355	215
437	104
181	202
312	286
250	27
225	150
328	552
80	257
393	445
266	183
309	454
265	266
392	287
296	187
374	329
267	97
188	298
445	528
422	464
357	282
140	196
178	404
298	395
279	371
307	228
456	463
210	213
119	273
345	206
193	163
305	127
178	244
398	374
354	234
447	486
410	440
309	252
505	358
282	177
323	281
320	59
255	313
466	415
318	419
308	362
230	309
314	513
344	67
332	316
200	290
315	303
199	451
438	303
498	327
297	158
289	368
181	337
230	545
169	472
97	208
319	37
249	530
233	474
308	193
528	217
343	335
340	379
378	434
341	298
157	209
253	253
468	305
216	396
200	264
300	438
197	525
237	166
308	34
285	359
264	258
308	251
282	88
286	367
274	471
295	21
301	180
439	405
300	124
449	392
285	394
323	274
196	465
211	379
353	225
160	174
421	390
221	150
260	74
414	363
209	26
207	342
59	213
430	205
378	474
315	115
305	490
438	446
221	275
245	361
300	581
364	281
287	180
235	96
208	333
375	335
431	283
141	497
542	272
240	384
221	489
301	283
460	323
298	212
350	327
302	318
282	286
191	168
306	221
299	96
171	318
154	284
305	598
335	145
248	87
287	310
323	120
362	440
303	68
279	310
295	306
293	415
277	468
288	147
284	166
272	171
288	291
300	249
304	178
210	243
299	322
321	536
466	438
250	94
296	329
23	275
289	310
394	196
266	502
370	121
322	427
250	236
91	254
255	164
286	116
300	532
303	525
324	552
476	227
399	367
293	129
121	265
356	456
432	290
300	265
302	260
279	17
319	37
209	337
386	159
548	435
275	381
236	381
14	303
328	576
418	313
322	344
244	42
402	79
470	347
300	244
194	381
305	520
373	262
281	366
236	244
105	335
320	315
410	357
286	27
141	420
84	360
283	504
311	153
251	415
321	289
300	173
187	200
412	105
326	124
429	271
510	260
310	138
302	502
423	466
203	503
298	36
318	229
127	316
416	521
161	110
165	431
428	222
414	211
277	130
164	358
430	463
29	255
435	370
202	228
228	290
485	321
349	369
299	382
313	316
302	282
381	309
304	540
153	245
340	247
179	221
281	103
29	262
305	12
337	535
235	232
222	137
133	171
284	458
403	304
404	410
314	230
340	70
25	322
435	285
394	317
268	442
288	172
333	149
296	188
99	235
497	178
305	211
109	190
249	254
296	219
397	203
288	478
404	338
256	325
330	241
222	273
273	252
460	274
170	424
333	321
303	508
300	170
288	526
300	384
287	118
432	539
397	246
231	167
306	356
126	307
152	374
48	211
276	506
456	349
281	72
321	270
243	283
271	412
205	399
477	341
204	290
212	479
209	260
382	328
288	269
250	292
288	487
208	517
266	6
549	269
262	320
363	53
161	97
489	381
151	179
273	496
330	237
302	542
282	422
291	246
445	351
254	214
85	316
299	462
305	120
157	264
411	157
364	205
233	429
195	128
329	284
194	300
467	479
189	354
264	271
302	539
313	298
223	89
381	514
51	262
313	272
527	300
323	124
260	25
378	190
347	351
431	152
253	354
349	268
416	313
346	483
200	471
224	244
292	273
443	315
261	498
300	496
275	334
194	200
129	353
160	143
237	58
257	328
373	413
353	94
268	93
317	485
287	285
292	290
296	134
300	560
319	223
328	372
336	67
532	267
237	319
176	309
301	350
283	400
319	460
47	185
359	461
534	454
311	52
530	239
300	193
332	253
313	381
487	245
360	543
304	139
245	499
425	256
424	264
561	236
254	376
283	346
177	467
263	249
223	362
432	297
332	519
218	278
250	194
313	163
510	424
176	138
309	481
376	188
329	439
295	222
324	251
404	187
270	346
105	256
348	209
328	53
411	100
230	60
282	259
303	169
223	457
339	269
315	282
348	534
323	187
191	381
328	70
261	470
342	64
266	149
361	558
317	272
309	451
205	110
549	310
391	42
312	228
415	41
337	472
291	489
325	541
309	299
357	263
79	329
337	510
348	300
284	328
372	416
244	247
270	285
379	253
228	364
344	125
510	317
156	232
391	157
309	246
120	99
304	241
299	354
402	221
304	108
195	154
494	428
290	424
409	258
480	165
491	286
247	401
50	334
98	178
298	453
277	507
292	549
330	423
317	534
474	295
450	345
177	412
422	141
290	78
301	534
322	237
395	540
355	310
305	18
229	192
195	437
158	80
300	421
341	18
362	115
412	471
238	438
152	355
404	415
392	122
360	336
405	314
377	225
216	264
54	432
368	452
199	191
398	285
230	114
256	458
185	419
291	201
396	293
336	133
215	62
147	461
240	389
185	425
310	449
415	525
360	477
431	98
279	291
182	454
217	385
413	192
332	226
205	247
285	199
271	395
254	160
412	416
380	368
520	314
198	149
319	337
327	82
240	154
402	318
305	27
361	428
342	102
281	459
165	353
330	315
487	203
232	481
334	257
203	119
358	413
252	464
360	233
369	403
275	209
311	219
493	411
99	111
329	63
276	152
325	491
157	376
268	35
420	243
358	427
193	193
473	383
288	218
233	112
227	437
190	409
302	419
354	356
145	235
232	166
201	178
158	313
305	518
116	417
314	154
121	80
289	188
269	43
317	50
301	102
239	193
196	195
264	203
303	424
319	124
65	234
331	419
175	439
305	364
226	459
258	182
305	33
482	405
289	456
429	471
444	180
450	341
439	98
300	389
119	316
274	304
353	401
144	200
508	101
215	130
55	268
329	260
245	138
318	208
327	476
338	202
278	535
316	251
323	8
192	461
110	201
518	336
376	309
263	401
538	388
38	307
286	97
291	168
188	253
210	458
301	98
320	195
275	60
305	172
308	124
198	484
376	257
276	494
349	391
388	196
286	149
313	347
227	370
263	513
353	428
265	466
286	61
149	189
296	7
202	554
142	399
131	301
299	352
190	63
420	401
176	478
363	247
375	448
247	288
56	469
399	300
319	202
480	400
314	378
427	345
401	471
297	183
268	535
279	450
382	561
299	318
26	244
266	110
236	261
399	210
384	93
359	356
27	256
330	413
415	281
338	261
301	209
305	146
294	319
298	551
360	277
284	338
300	15
291	185
169	93
324	192
277	196
284	237
358	114
43	271
103	515
301	260
300	170
491	386
375	158
327	133
278	196
301	382
170	376
291	130
151	546
444	506
368	376
269	284
327	257
370	562
209	145
298	586
335	160
390	323
322	325
345	256
302	89
263	99
200	132
347	528
357	238
315	321
134	224
269	245
267	172
400	246
304	324
293	214
318	133
289	363
349	423
338	355
336	190
310	380
366	513
429	442
241	209
85	299
297	442
397	571
240	526
314	16
283	76
440	496
320	208
408	314
267	76
176	397
383	449
190	418
452	188
91	450
342	112
197	461
345	397
270	311
362	308
296	527
300	99
324	418
298	419
273	119
360	434
257	352
104	446
430	499
267	386
269	109
177	170
409	100
208	438
241	108
331	421
61	453
349	207
248	449
255	411
224	414
391	283
490	128
265	433
399	50
33	286
326	235
109	405
509	474
345	406
400	187
182	300
332	11
324	153
405	383
436	496
301	526
480	327
114	408
361	266
189	358
540	300
241	152
373	487
149	384
353	436
283	283
322	421
314	28
339	313
310	299
458	204
324	155
298	37
187	311
300	358
209	423
260	515
323	167
320	375
460	420
282	322
260	129
283	417
225	423
267	289
255	524
242	408
355	385
111	485
444	253
386	360
398	414
257	129
253	114
325	503
340	443
269	373
84	438
425	313
411	458
224	300
415	509
235	89
329	211
248	144
307	452
276	589
331	173
275	169
364	567
286	585
218	211
222	563
301	538
298	421
303	268
451	411
430	242
280	154
364	566
275	275
312	212
300	420
378	177
256	199
422	447
405	53
449	301
231	91
316	436
383	65
155	236
232	178
280	312
368	83
206	210
556	317
132	207
305	241
308	108
362	284
286	258
219	331
317	187
134	444
308	492
194	312
364	493
319	346
259	204
99	158
304	307
316	423
229	188
292	392
193	373
7	278
274	454
293	461
314	333
340	564
63	368
366	443
327	220
486	388
155	219
282	188
346	405
489	337
346	93
215	247
304	322
300	240
496	165
432	231
331	226
84	150
327	408
436	274
467	350
273	127
267	367
287	26
292	277
424	387
253	396
310	182
290	442
273	90
296	126
449	263
410	504
201	315
270	342
389	435
160	333
354	364
199	509
335	248
334	98
196	185
153	379
393	437
192	560
316	58
319	348
98	204
150	464
433	475
462	325
447	280
337	216
149	324
341	279
394	332
346	312
290	438
357	291
342	291
231	81
336	319
336	133
315	173
374	561
262	57
472	93
310	20
500	302
110	229
186	366
270	361
285	251
281	419
328	423
322	388
169	233
425	99
269	55
367	262
304	259
345	48
360	377
261	149
182	391
316	119
284	113
417	222
229	556
323	12
348	339
174	547
177	277
299	293
354	454
355	480
320	432
273	573
98	220
33	228
371	141
220	31
327	193
497	475
366	425
140	365
137	364
413	458
285	152
347	172
475	292
180	312
221	188
330	269
276	434
354	272
252	299
310	200
500	142
508	282
396	400
357	464
388	279
544	266
315	136
298	271
88	262
473	208
277	255
295	81
278	535
335	249
213	117
169	479
348	515
208	398
154	464
228	219
300	79
293	37
224	519
325	101
376	399
391	280
491	357
397	277
303	582
334	189
379	85
225	195
326	308
240	334
290	285
300	322
344	341
345	121
318	420
329	211
475	169
328	111
147	449
157	362
408	549
195	546
363	128
326	437
334	331
390	523
412	313
267	291
188	201
258	507
172	332
382	420
347	88
418	144
193	447
382	432
314	307
216	310
362	63
241	92
220	220
177	237
237	270
548	287
414	263
267	150
446	260
299	408
314	248
440	432
342	547
172	293
256	30
381	417
276	419
271	389
296	268
300	598
332	71
326	256
154	209
295	402
334	334
350	259
80	297
180	190
296	138
272	44
266	443
239	166
234	229
329	73
361	440
177	174
300	433
224	336
309	205
297	304
147	259
333	350
168	102
329	70
299	400
285	300
434	256
447	255
167	195
165	295
457	255
218	127
566	249
145	187
425	373
323	276
552	253
270	337
107	138
305	63
274	414
342	217
302	524
275	408
156	271
299	300
289	200
559	229
305	174
345	452
275	570
298	108
277	329
416	406
243	229
354	244
280	370
259	559
300	420
314	141
341	108
237	337
346	365
388	534
373	315
342	208
194	280
353	500
348	59
304	96
314	443
157	326
231	266
257	69
172	428
291	138
440	176
283	590
287	177
188	428
196	516
275	463
207	420
230	389
200	153
297	386
410	402
297	590
277	177
352	57
295	371
381	404
295	135
255	284
205	361
275	277
553	222
360	526
357	45
264	253
115	450
189	300
262	361
403	401
289	430
244	372
292	93
419	196
263	466
472	310
318	201
390	368
427	83
204	552
241	379
236	430
355	40
317	271
309	203
370	264
250	331
406	118
267	229
268	456
247	76
328	112
396	90
146	141
290	379
331	193
387	88
209	265
454	499
266	280
300	495
155	116
291	439
356	427
110	200
300	403
281	66
294	67
305	275
344	491
436	307
320	229
278	402
398	393
329	30
308	550
74	150
288	215
352	375
307	280
357	49
196	343
335	95
65	308
218	430
361	420
311	493
261	291
416	457
290	497
304	379
329	434
42	411
261	550
359	353
190	275
257	161
205	214
181	469
240	359
286	570
208	372
321	349
281	272
424	294
309	105
239	461
175	517
256	57
272	433
273	477
272	319
88	304
305	2
368	140
313	401
348	389
266	329
292	249
442	429
279	529
180	466
88	307
420	149
386	495
49	396
320	522
85	164
344	309
157	463
309	384
524	285
288	542
299	595
273	480
256	228
326	134
75	302
362	213
313	254
306	329
184	492
283	331
395	424
264	49
264	120
312	62
304	350
312	378
468	258
401	291
284	111
314	232
118	422
442	358
257	421
285	371
226	534
327	123
427	89
171	81
383	461
506	337
169	268
371	222
349	278
270	418
261	309
104	320
431	556
413	418
293	276
505	237
332	348
313	316
287	138
258	265
241	124
317	27
473	432
259	176
169	394
311	440
386	441
445	277
175	250
342	348
218	241
221	355
300	37
421	411
241	283
266	123
207	301
369	410
321	171
348	207
272	295
254	369
542	335
348	321
366	403
167	167
510	319
251	390
274	293
321	512
279	548
249	382
234	511
338	107
313	537
308	31
148	335
356	174
305	147
256	435
158	359
223	264
290	260
86	183
210	311
268	411
288	131
285	465
304	258
295	359
207	216
285	169
336	466
278	416
150	453
269	501
193	490
132	107
430	170
443	163
427	281
318	65
158	171
516	313
301	112
250	433
367	293
168	280
310	195
508	248
318	78
192	419
326	263
286	379
457	438
296	578
214	382
222	343
243	340
265	238
256	80
583	304
393	281
555	321
323	387
294	73
198	423
306	373
281	350
358	244
223	203
366	262
332	310
301	389
253	351
302	79
370	490
209	225
216	522
251	47
270	270
289	573
478	361
303	382
227	395
495	471
283	140
155	116
383	245
409	361
287	417
468	348
302	227
216	445
276	224
260	102
309	26
332	195
290	7
143	283
430	460
389	278
468	340
131	236
467	126
444	283
223	100
354	578
200	439
332	57
197	118
493	322
322	382
295	310
165	212
259	236
194	238
348	406
310	299
330	208
306	54
253	258
297	522
350	333
136	144
193	326
370	120
325	300
123	142
269	567
179	94
269	371
127	357
282	363
283	558
296	382
282	527
222	115
332	514
181	267
258	387
360	29
100	340
363	377
300	153
206	299
174	402
138	220
95	331
276	386
172	243
281	362
312	17
432	483
252	232
330	502
389	273
297	200
283	155
279	451
282	360
256	163
308	457
307	369
377	570
400	305
408	422
200	107
107	225
525	222
453	370
335	256
258	369
130	94
359	37
72	190
355	37
330	336
366	356
210	340
502	458
182	286
321	453
425	282
169	335
310	231