152	40
452	42
465	550
315	1
305	1
193	580
335	3
80	503
129	546
112	533
341	597
80	97
236	593
558	453
512	88
497	74
295	599
491	69
112	533
45	142
474	56
538	482
171	30
349	5
46	459
591	228
502	79
144	556
351	595
183	24
92	84
469	53
202	583
131	547
140	47
451	559
512	88
508	516
14	390
288	1
385	13
336	3
190	21
175	572
361	7
371	9
472	545
248	595
431	569
214	587
513	89
59	122
0	300
28	174
444	563
412	22
351	595
39	447
162	34
48	462
312	1
231	591
240	593
494	528
504	81
130	53
44	456
519	95
142	45
117	537
440	35
302	1
221	589
593	236
293	599
337	597
439	35
454	43
593	364
589	220
595	246
467	549
321	1
93	517
159	36
459	554
487	66
594	359
333	2
153	39
172	571
548	132
2	334
52	132
438	34
71	107
314	599
139	553
11	220
502	521
509	85
386	587
364	593
276	599
29	172
587	387
467	549
309	599
125	57
5	246
172	571
33	436
451	559
312	1
159	564
305	599
478	59
86	90
284	1
32	434
120	60
292	599
221	11
322	1
540	480
486	535
599	324
583	399
496	527
165	33
520	97
577	415
308	599
492	70
274	598
433	568
177	573
94	518
118	62
501	522
27	424
562	154
258	597
517	507
335	3
199	18
579	190
569	168
229	591
471	54
299	599
140	47
494	72
79	98
267	598
291	1
318	1
189	578
313	1
550	465
538	118
321	599
147	558
598	266
259	3
564	158
114	535
389	586
449	560
395	16
520	503
80	503
81	95
588	384
233	592
176	27
119	61
95	81
261	597
524	101
364	593
317	1
340	3
95	81
376	590
36	442
400	582
520	97
232	8
57	125
494	72
413	23
49	464
205	16
452	558
126	544
250	595
368	8
388	14
392	585
470	547
216	12
327	598
447	39
527	104
467	51
211	14
289	599
324	1
535	114
517	93
290	599
483	63
169	31
423	27
378	589
279	1
138	552
483	63
32	166
218	588
491	69
413	577
26	422
395	584
66	113
4	252
594	359
17	201
418	25
384	12
570	170
166	568
591	228
533	112
256	4
253	4
519	95
583	399
386	587
204	16
585	207
460	553
203	583
346	4
377	589
516	92
188	578
1	324
274	598
147	558
411	22
293	1
306	599
78	501
335	3
378	589
569	432
145	44
40	449
105	73
193	580
431	31
403	19
539	481
335	3
513	511
204	584
452	558
312	599
493	71
562	154
489	532
116	536
440	35
359	594
58	123
470	53
524	499
149	41
216	12
322	1
107	71
577	415
223	589
213	13
593	236
26	422
197	581
320	599
541	478
466	549
216	12
125	57
479	540
444	563
428	29
168	569
195	581
548	468
530	492
310	1
421	574
402	18
442	564
385	587
187	577
318	599
265	597
401	582
206	16
461	553
547	470
148	558
168	569
562	446
394	16
462	552
502	521
237	593
548	132
369	591
174	572
95	81
560	151
182	25
282	1
555	142
209	15
170	30
484	536
599	324
497	526
514	90
415	23
232	8
527	104
590	376
516	92
25	419
17	201
441	36
537	483
428	571
314	1
598	334
435	567
374	10
348	596
292	1
93	83
431	31
455	44
3	342
62	118
199	582
312	1
189	578
367	592
362	7
2	334
437	34
58	477
164	567
504	81
562	154
60	480
13	213
40	151
180	574
194	20
534	487
529	107
286	1
455	556
426	28
597	258
570	430
388	586
429	30
183	576
95	81
46	459
424	27
62	482
574	178
372	591
330	598
48	138
280	599
526	103
520	503
127	545
449	560
422	574
237	7
95	81
24	183
482	62
522	501
157	563
76	101
335	3
311	599
321	1
0	300
295	599
471	546
356	594
87	89
260	3
304	599
258	597
200	582
370	591
352	5
25	181
170	30
128	55
377	11
528	494
96	519
263	3
485	536
192	21
7	364
273	598
489	532
182	575
515	91
91	85
366	592
582	198
61	481
379	589
331	598
505	81
535	486
201	17
44	456
15	207
85	91
146	43
190	21
429	30
413	577
136	551
407	580
280	599
15	393
194	20
522	501
504	81
470	547
522	99
105	527
574	422
221	589
330	598
201	583
565	440
451	559
317	599
529	107
124	58
326	598
156	37
554	141
305	1
443	563
454	43
247	5
407	580
20	193
293	599
566	162
121	60
15	393
520	503
486	65
564	442
126	56
547	470
518	506
272	2
537	483
48	462
172	29
479	540
429	30
321	1
523	500
36	158
512	512
18	402
282	1
573	176
385	587
459	554
300	0
121	60
132	548
92	84
354	5
490	68
228	9
103	74
338	597
484	536
191	21
577	185
347	4
307	1
565	440
497	74
382	588
112	67
201	17
39	447
486	535
309	599
414	577
142	555
80	97
220	589
410	579
545	127
148	42
547	130
46	141
417	576
297	599
58	123
347	4
69	491
284	1
114	535
453	558
287	1
73	496
551	464
388	586
6	241
392	585
79	98
342	3
486	535
25	181
273	2
214	13
297	599
480	540
78	99
80	503
577	185
369	591
451	559
225	10
426	28
172	571
597	258
443	37
100	523
481	61
226	590
454	557
311	599
429	30
102	75
192	21
37	444
523	100
419	25
78	501
284	599
340	3
351	5
288	599
472	55
191	579
266	598
432	31
532	490
104	527
572	174
259	3
514	90
372	9
203	17
102	75
262	3
523	100
122	541
145	556
518	506
525	498
547	470
143	555
28	426
501	522
206	16
436	567
418	25
432	569
223	589
197	581
580	193
534	487
427	29
371	591
561	447
360	7
290	1
7	364
106	528
136	551
286	1
511	513
449	40
235	592
179	26
311	599
19	195
50	465
261	3
313	599
46	459
3	342
380	589
37	444
163	566
196	19
258	3
592	368
404	581
385	13
43	146
217	588
598	266
200	582
323	599
559	149
416	24
44	456
355	6
268	2
362	7
591	372
397	17
500	77
87	89
461	47
363	7
422	574
362	593
87	511
123	542
169	31
100	77
405	19
341	3
72	106
420	574
203	583
346	4
262	3
557	146
540	480
111	68
570	170
219	588
474	56
471	546
4	348
557	454
387	587
116	64
141	554
524	101
292	1
287	1
123	58
402	18
258	3
443	37
530	492
332	598
92	516
5	354
539	119
88	512
570	170
166	568
432	569
591	372
144	44
303	599
77	500
475	57
147	558
539	119
496	73
474	544
370	591
136	551
130	547
256	596
30	430
181	575
204	16
24	417
369	9
293	1
106	72
572	174
58	123
83	507
315	1
376	10
240	593
203	17
550	465
114	65
426	28
599	324
453	42
12	384
365	8
239	593
53	470
352	595
565	440
399	583
44	144
546	471
201	583
332	2
41	149
354	595
523	500
223	589
392	15
119	61
254	4
200	582
19	195
172	571
246	5
227	590
97	80
270	598
67	112
198	18
186	23
99	522
205	584
232	592
231	591
60	480
296	599
68	490
502	79
507	517
50	135
27	176
181	25
541	478
80	503
165	33
490	68
481	539
180	26
352	595
457	555
183	576
441	564
462	48
389	586
274	598
396	584
195	581
4	348
278	599
149	559
149	559
375	590
257	596
91	85
74	497
551	136
533	488
523	500
420	26
209	585
404	19
98	521
280	599
482	538
2	266
237	593
482	538
204	16
503	80
512	88
114	65
111	68
562	446
571	428
33	164
431	31
462	48
126	544
300	600
564	158
280	1
422	574
544	474
109	69
502	521
133	51
3	258
572	426
177	27
413	23
377	11
476	542
371	591
301	1
460	47
413	23
402	18
514	510
386	13
382	588
66	113
150	41
531	109
114	535
486	535
69	109
96	519
411	578
168	569
162	566
29	172
146	43
76	499
30	170
478	541
452	42
393	585
249	595
21	190
581	195
191	579
566	438
570	170
273	598
337	597
27	424
153	561
437	34
235	592
6	359
55	127
250	5
260	597
16	396
381	12
234	592
501	522
286	1
83	93
329	598
456	44
122	59
341	3
172	29
178	26
230	9
378	589
557	454
58	123
73	104
375	10
356	6
23	415
271	2
239	7
247	595
28	426
300	600
326	598
330	598
438	34
329	598
489	532
319	599
548	132
414	577
151	560
159	36
454	557
125	543
74	497
159	564
279	1
45	142
62	482
196	19
139	553
396	16
97	80
22	412
529	107
187	577
89	513
184	24
457	45
374	10
56	126
302	1
429	570
193	20
435	33
13	213
12	216
435	33
398	583
333	598
354	5
270	598
353	595
490	532
193	20
60	480
590	224
126	544
548	132
3	258
359	6
473	55
573	424
218	588
20	407
449	40
430	30
281	1
515	509
561	153
77	500
108	530
558	453
294	1
309	599
40	151
552	138
84	92
452	558
156	37
23	185
493	529
206	16
553	461
51	467
578	412
343	4
474	544
221	11
351	5
254	596
260	3
321	1
523	100
362	593
183	24
291	1
525	498
441	36
522	99
581	195
79	98
187	23
450	41
343	4
575	419
395	584
59	122
549	467
81	505
205	584
245	6
61	481
421	26
65	114
296	599
293	599
478	59
70	108
167	568
336	3
57	125
367	8
313	599
242	6
82	94
297	599
323	1
431	31
586	390
266	598
382	588
271	2
555	458
43	146
311	599
581	405
9	372
535	486
137	49
3	342
594	241
129	54
588	384
398	583
487	534
433	32
537	483
584	396
128	55
231	9
212	586
552	138
147	558
438	34
8	232
235	592
526	103
106	528
198	582
191	21
304	599
210	14
437	566
250	5
539	119
502	79
219	588
135	50
356	6
449	560
570	170
240	7
545	127
167	568
531	491
564	158
465	50
56	474
214	587
562	154
271	598
75	102
87	511
300	0
583	399
563	444
67	112
549	133
455	556
581	405
360	593
155	38
7	236
327	598
416	576
116	64
417	24
27	176
198	18
348	4
305	1
353	595
126	544
430	30
325	598
80	97
513	511
190	21
149	559
165	567
278	599
421	574
52	468
497	526
58	123
580	407
28	426
110	532
192	579
39	447
542	477
218	12
257	4
410	579
239	593
483	63
221	589
503	520
396	584
561	447
312	1
286	1
70	108
543	475
373	10
259	597
54	129
354	5
310	1
92	84
298	599
591	228
569	432
504	519
477	58
280	1
587	213
304	1
563	156
168	569
241	6
120	540
241	6
378	589
330	2
230	9
361	7
461	47
518	506
554	459
235	8
10	224
521	502
348	596
573	176
500	523
48	462
585	393
540	120
254	4
354	595
342	3
400	18
552	462
303	599
346	596
283	599
482	62
444	563
416	576
594	241
295	599
125	543
418	25
66	113
403	19
377	589
311	1
539	119
261	3
410	579
53	130
208	585
541	122
305	599
295	1
101	76
590	224
469	53
287	599
15	207
5	246
501	78
140	47
463	49
23	415
521	98
109	69
567	436
326	2
572	174
268	2
202	583
237	593
556	144
180	26
312	599
247	595
592	368
435	33
319	599
179	26
64	115
120	60
442	36
434	568
393	585
469	53
510	86
543	125
334	2
405	581
320	1
525	498
15	393
511	513
399	583
101	76
53	470
473	55
327	598
133	549
347	596
365	592
332	598
553	461
310	599
166	568
363	7
213	587
454	43
339	597
476	542
223	11
370	591
467	51
74	497
514	90
511	513
559	149
216	12
86	510
250	5
116	64
109	531
120	60
72	106
581	405
377	11
208	15
341	3
212	586
77	500
285	1
9	228
113	66
590	224
514	90
316	599
433	568
203	583
468	548
371	9
592	232
586	210
82	94
415	577
127	55
510	86
19	405
485	536
46	459
467	549
595	354
104	527
130	53
472	55
309	599
465	550
272	598
51	467
577	185
23	415
119	539
208	585
71	493
591	228
538	482
234	592
50	135
532	490
387	13
80	97
158	36
463	49
241	594
433	32
202	583
592	232
74	103
599	276
215	13
314	599
529	107
272	598
446	38
178	574
360	7
503	80
332	2
128	545
599	324
583	399
337	597
141	554
443	563
576	417
492	70
379	589
263	3
95	81
216	588
56	474
62	118
250	5
235	8
330	598
517	507
465	50
489	68
291	1
78	501
174	572
540	120
206	16
416	24
29	172
47	461
448	560
39	153
452	558
549	467
375	10
473	545
484	536
559	451
246	5
38	154
141	46
171	30
319	599
344	596
117	537
333	2
342	3
240	593
466	549
449	40
596	252
54	471
26	422
110	532
129	546
257	596
154	38
532	490
313	1
507	83
340	597
118	62
296	599
358	6
470	547
537	117
445	38
248	595
274	2
370	9
322	1
482	62
80	503
428	571
505	81
37	444
532	490
159	564
272	598
595	354
142	45
313	1
166	32
523	100
429	30
465	50
275	2
405	581
347	4
310	599
51	467
266	598
515	91
444	37
563	444
213	587
477	542
342	597
314	1
284	1
449	560
388	586
281	599
350	595
247	595
231	9
51	467
46	459
69	109
312	1
501	522
550	135
176	573
12	384
94	82
517	93
568	166
18	198
488	533
417	24
41	451
522	501
61	481
293	599
460	553
375	590
538	482
220	11
394	584
166	568
414	23
363	7
457	555
348	4
403	19
106	72
315	599
36	442
356	6
163	566
486	535
126	56
213	13
241	594
535	486
232	592
254	596
370	591
421	26
441	36
240	593
37	156
180	26
152	40
189	22
196	19
206	16
409	579
507	517
83	93
179	574
551	464
129	54
446	38
546	471
315	1
409	579
550	135
13	387
307	1
204	584
108	530
577	415
131	53
72	494
500	77
347	4
567	164
341	597
315	599
83	507
526	497
563	156
65	486
116	536
240	7
245	6
0	300
313	1
424	27
440	565
282	599
138	48
523	100
28	174
446	562
564	442
183	24
321	1
42	453
436	33
300	0
515	91
178	574
316	1
502	521
271	598
248	5
468	548
56	474
275	2
121	60
234	8
497	526
497	526
582	198
377	589
275	598
595	354
551	136
342	597
174	28
168	31
529	493
181	575
353	5
141	554
473	545
432	31
217	12
565	160
263	3
512	512
192	579
49	464
460	553
441	564
151	560
200	18
291	1
2	266
211	14
56	126
235	8
114	65
299	1
26	422
74	497
588	384
223	11
241	594
243	594
275	2
98	521
227	590
513	511
62	482
393	15
470	53
129	54
316	1
26	422
460	47
571	428
185	577
533	112
191	579
169	31
175	572
550	465
421	574
503	520
429	570
152	560
12	384
336	597
107	71
586	210
134	549
191	579
259	597
206	584
198	18
43	146
553	461
501	78
169	569
288	599
508	84
251	5
182	25
413	577
82	506
225	10
86	90
240	7
407	20
525	498
187	23
579	410
230	591
115	536
460	47
338	3
318	599
239	7
127	545
162	566
494	528
136	551
22	412
387	587
592	232
55	127
338	597
599	324
489	532
77	500
138	552
352	5
31	168
592	232
405	581
565	440
489	68
141	46
299	1
229	591
354	595
87	89
143	45
185	23
214	13
86	510
255	4
286	1
19	405
385	13
546	129
280	599
9	228
12	216
296	1
208	15
434	32
257	596
510	86
287	1
66	113
563	444
247	5
448	560
295	1
502	79
435	33
585	207
313	1
400	582
35	440
10	376
179	574
43	454
242	594
459	46
152	40
40	151
237	7
122	59
446	38
220	11
499	76
339	597
462	552
550	465
550	135
461	553
57	125
599	324
240	593
499	524
228	9
456	44
30	170
24	183
36	442
567	164
416	24
193	580
474	56
449	40
142	45
55	127
56	126
337	597
68	490
386	587
466	51
303	1
30	170
574	422
310	599
26	178
476	542
121	60
483	63
54	129
183	24
170	570
397	17
366	8
177	573
411	22
263	597
370	9
297	1
256	4
463	551
449	40
20	193
390	14
485	536
369	591
156	37
388	14
75	102
537	483
301	1
52	468
470	53
581	405
474	544
98	521
163	34
225	10
20	407
411	578
218	588
44	456
107	529
575	419
158	564
375	10
338	3
192	579
355	594
187	577
358	6
584	396
550	465
446	38
247	595
478	541
248	5
334	2
366	592
145	44
387	13
563	156
205	584
243	594
386	587
353	595
98	521
30	170
413	23
339	3
179	574
130	53
482	538
593	236
186	23
461	553
213	587
2	334
458	555
104	527
552	138
594	359
511	513
561	447
467	549
445	38
586	390
259	597
76	101
385	587
107	71
214	13
136	551
336	3
204	16
21	410
408	21
467	51
108	530
235	8
244	6
455	556
73	496
581	195
243	6
139	553
476	542
330	598
240	7
584	396
569	432
85	509
142	45
447	561
475	57
17	201
44	144
102	525
388	14
19	405
330	598
275	598
354	5
508	84
82	506
366	8
355	594
140	47
535	114
467	51
298	599
271	2
48	462
5	246
430	30
443	37
509	85
44	144
577	185
456	556
161	565
367	8
222	11
470	547
86	90
394	16
314	599
178	574
475	57
377	589
548	468
256	4
97	520
115	64
293	1
522	501
153	39
135	550
384	588
447	561
223	11
465	550
506	518
228	9
378	589
366	592
18	402
158	564
17	399
547	130
162	566
141	554
382	588
137	551
92	84
403	581
230	9
412	22
253	4
402	18
559	451
183	24
364	7
497	526
153	39
336	597
435	33
55	127
341	597
554	459
37	444
326	2
32	166
238	593
198	18
161	565
248	595
352	595
310	1
197	581
101	524
176	573
445	38
83	507
265	597
101	524
128	545
228	591
16	396
499	524
258	3
179	574
376	10
246	5
131	53
582	198
290	599
116	64
564	442
525	102
334	598
119	61
449	560
273	598
562	446
72	494
205	584
46	141
572	426
196	19
184	576
265	3
419	25
595	246
236	7
9	372
201	17
331	598
179	26
33	436
251	595
89	87
491	69
244	594
111	68
536	115
329	2
328	598
524	101
222	11
177	27
315	1
589	220
510	514
364	593
216	588
574	422
393	15
431	569
555	458
29	428
323	1
378	11
496	73
433	568
436	33
190	21
119	61
398	583
475	543
374	590
315	1
559	451
324	1
358	6
197	581
194	20
243	6
551	464
173	29
111	68
559	149
552	462
425	572
273	598
495	527
478	59
212	586
338	597
279	1
508	84
80	503
227	10
492	70
203	583
131	547
9	228
115	536
523	500
350	595
280	1
374	10
359	594
384	12
276	599
190	579
589	380
543	125
555	142
185	23
99	522
567	436
236	593
125	57
571	428
432	31
129	54
75	102
287	1
595	354
496	527
372	591
284	599
421	26
302	599
407	580
371	591
299	1
82	94
288	599
355	594
188	578
552	462
402	18
176	27
82	94
314	1
310	599
375	590
584	396
296	1
521	98
159	36
348	4
385	13
449	40
304	599
566	438
495	73
208	15
207	585
495	73
79	98
407	580
512	88
451	559
494	72
484	64
98	521
503	80
428	29
204	584
438	34
410	21
372	591
9	228
104	73
383	12
346	596
60	120
52	468
185	23
59	122
515	509
449	40
54	129
432	569
180	26
569	168
357	6
178	574
472	55
190	21
415	23
239	593
104	73
342	3
72	494
587	213
523	500
40	151
382	12
447	561
78	501
173	29
73	496
94	82
177	573
367	8
553	139
530	108
488	533
220	11
451	559
571	172
31	432
579	190
20	407
472	55
221	589
29	428
427	29
51	467
577	185
573	176
323	1
400	18
376	590
552	138
454	43
494	72
364	593
381	12
186	577
420	574
13	387
574	422
368	8
165	33
196	581
413	577
127	545
428	571
402	18
111	532
53	130
552	138
133	51
188	22
470	53
80	503
363	593
532	490
362	7
160	35
85	509
19	405
403	19
362	7
333	2
117	63
76	499
29	428
183	24
138	48
490	68
209	15
363	7
203	17
54	129
440	565
545	473
178	574
377	11
159	564
315	1
278	599
431	31
530	492
390	14
204	16
540	480
378	589
544	126
334	2
433	32
250	5
267	598
143	45
519	505
269	2
432	569
149	41
122	541
274	2
165	33
181	25
407	20
344	596
367	592
2	266
277	599
153	39
440	35
558	453
184	576
130	547
505	81
431	569
313	1
257	596
208	15
515	509
238	7
70	492
51	467
459	554
240	7
234	592
83	93
427	29
503	80
202	583
194	580
48	462
208	585
212	586
228	9
8	232
479	60
544	126
593	236
213	587
524	101
111	68
585	207
234	592
570	430
327	2
94	518
156	563
323	1
574	422
61	481
17	201
101	524
474	56
261	597
460	553
55	127
494	72
517	507
14	210
580	193
215	13
34	438
478	59
310	1
379	589
230	9
442	564
507	83
232	592
594	241
443	37
476	58
91	85
108	530
125	57
48	138
214	13
121	540
483	63
533	112
191	579
492	70
47	461
223	589
439	565
460	47
335	3
198	18
96	519
194	580
561	447
588	216
150	41
544	126
583	201
100	523
319	599
506	82
227	10
324	1
138	48
280	599
84	508
379	11
403	581
130	53
286	1
427	29
101	524
354	595
270	2
447	561
566	162
477	542
403	581
342	597
206	16
513	511
278	599
54	471
591	228
320	599
346	4
377	589
550	135
364	593
332	2
163	566
360	593
448	560
107	71
297	1
269	598
196	19
72	106
282	599
416	24
417	24
343	4
138	552
213	587
289	599
596	252
474	56
481	539
248	595
311	1
384	12
237	593
461	553
512	512
517	507
59	478
337	3
402	18
154	38
351	5
230	591
19	195
345	4
550	465
136	551
90	86
273	598
554	141
527	496
232	8
26	178
299	1
91	85
407	580
116	64
495	527
126	544
181	25
244	594
82	94
325	598
17	201
191	579
110	68
463	49
117	63
189	22
52	132
139	47
2	334
310	1
273	598
318	599
38	446
304	599
146	43
474	56
457	45
158	564
335	3
240	593
50	135
554	141
211	586
351	5
382	588
99	78
593	236
457	555
42	147
447	561
184	24
172	571
483	63
530	492
480	60
15	207
149	41
149	41
451	559
496	527
456	556
127	545
476	542
124	542
348	4
39	153
386	13
199	582
502	79
191	21
389	14
263	597
256	596
481	539
528	494
348	4
172	571
87	511
341	3
67	488
241	594
330	598
235	8
510	514
292	1
33	164
531	109
324	599
568	166
572	174
230	591
47	461
534	487
53	470
240	7
577	415
317	599
549	467
0	300
205	584
155	38
45	142
589	220
468	548
313	599
129	54
10	224
92	516
442	36
558	453
18	198
178	574
419	575
309	1
596	252
529	493
29	172
509	85
223	11
497	74
206	16
572	426
191	21
448	560
187	23
414	577
38	154
595	246
481	539
348	4
451	559
110	68
262	3
22	188
398	17
455	44
276	599
274	2
337	597
159	564
206	16
265	597
200	582
592	232
321	1
392	585
33	164
343	596
460	553
492	530
276	1
539	119
511	513
309	599
508	84
444	37
383	588
315	599
84	92
580	407
304	1
348	4
483	63
561	153
577	415
83	93
520	503
128	55
163	566
42	453
421	574
403	581
130	547
369	9
359	6
12	216
250	595
67	488
268	2
423	27
138	48
528	494
475	57
371	9
84	508
341	3
391	585
89	87
162	566
293	1
396	16
139	47
506	518
299	1
528	494
286	1
11	220
477	542
402	582
343	596
325	2
394	584
102	525
449	560
125	543
108	530
127	545
446	562
14	210
47	461
147	558
417	24
256	596
247	5
490	68
153	39
108	530
461	47
439	35
88	512
453	42
330	2
365	592
56	126
152	40
90	86
426	572
460	47
508	516
379	11
519	505
61	119
355	6
354	5
141	46
586	390
70	108
516	508
120	540
366	592
365	592
34	162
120	540
421	574
20	407
435	567
555	458
70	492
54	471
382	588
36	442
154	562
390	14
84	508
231	591
299	1
560	449
130	547
369	591
238	593
316	599
148	42
252	4
521	98
131	547
3	342
440	35
28	174
407	580
56	474
235	8
132	52
463	551
190	579
226	590
571	428
96	81
427	29
413	577
89	87
292	599
190	579
238	7
318	599
111	532
74	497
194	20
300	600
212	586
458	555
390	586
193	580
332	598
106	72
538	482
562	446
390	586
132	52
113	534
81	505
72	494
520	503
191	579
520	503
92	516
273	2
153	39
235	8
491	69
391	15
416	24
418	25
261	597
159	564
533	488
355	6
454	43
388	586
54	129
347	4
531	109
249	5
319	599
182	25
506	518
4	252
90	514
546	471
61	481
573	176
327	2
528	494
407	580
484	536
155	562
234	592
300	600
541	122
53	470
534	113
77	500
63	483
548	468
528	106
57	125
568	166
458	555
283	1
573	176
146	557
547	470
593	236
77	500
521	502
222	11
254	596
160	35
379	11
258	597
224	10
503	80
174	28
346	596
425	572
381	588
36	158
513	511
403	19
496	73
505	519
318	599
250	5
406	20
499	76
249	5
206	584
545	127
57	125
483	63
453	42
459	46
437	34
18	198
365	592
90	86
185	577
218	12
231	591
316	1
45	142
524	101
540	480
60	480
247	595
58	477
564	158
323	599
552	462
160	35
258	3
398	17
357	594
421	574
185	23
502	521
340	597
367	8
337	597
499	524
466	549
354	595
74	103
240	7
43	454
25	419
142	555
266	598
298	1
283	599
59	478
384	588
379	11
247	5
543	125
92	84
128	545
575	419
490	68
415	577
105	73
400	582
566	438
520	503
506	518
272	598
194	580
358	594
528	494
54	129
578	188
145	44
251	5
46	141
480	540
68	490
6	241
538	482
406	20
29	172
434	32
169	31
57	475
275	598
94	82
579	190
495	73
239	7
489	68
10	224
81	95
203	17
157	563
418	575
233	592
93	517
174	28
337	597
197	19
388	14
153	561
239	7
386	13
193	580
165	33
39	447
336	3
543	475
188	578
68	110
540	120
172	571
402	18
556	144
33	436
405	19
581	405
184	576
414	577
573	424
483	537
81	95
202	17
158	564
54	471
44	144
258	597
373	590
10	224
454	557
66	487
162	34
597	342
553	139
247	5
485	64
94	82
197	581
323	1
586	210
455	556
246	595
192	21
205	584
459	46
356	594
275	2
390	586
15	393
222	11
210	586
310	599
132	52
414	577
510	86
120	540
187	577
559	451
162	566
136	551
511	513
89	87
145	44
183	24
150	41
579	190
387	587
404	581
408	21
8	232
312	1
475	57
454	43
75	498
506	518
386	587
339	3
402	18
279	1
527	496
534	113
61	119
349	5
363	593
382	588
543	125
172	571
585	393
404	19
436	33
215	587
214	13
212	14
185	577
218	12
442	36
235	8
103	526
477	58
158	36
378	589
0	300
591	228
356	6
433	568
72	494
219	588
130	53
252	4
508	516
270	2
598	334
153	39
470	53
366	8
386	13
432	569
14	390
508	84
369	9
65	114
450	41
586	210
224	590
329	598
318	599
350	595
22	188
444	37
428	571
213	587
355	594
548	132
397	583
352	5
140	47
144	44
510	86
353	5
357	594
373	590
340	597
206	16
45	458
576	183
455	556
301	1
413	577
362	593
418	25
422	26
368	592
162	34
473	545
564	442
4	348
270	598
441	564
27	176
328	2
186	23
210	14
155	38
315	599
278	599
64	115
251	5
547	470
331	598
485	64
598	266
99	522
526	103
105	73
73	104
338	3
388	586
450	41
346	596
411	578
524	499
475	543
378	589
55	473
160	565
41	149
563	156
292	599
467	549
216	12
339	597
361	593
203	583
98	521
327	2
327	598
248	595
344	4
160	35
329	598
363	7
422	574
473	55
260	3
207	585
147	558
509	85
383	588
531	491
46	141
197	581
252	4
310	599
441	36
160	35
357	594
433	568
578	188
225	10
279	599
152	560
69	491
373	10
233	8
344	4
290	1
425	28
565	160
362	593
516	92
103	526
238	593
38	154
576	183
329	2
544	126
73	104
554	459
132	548
555	142
535	486
75	102
327	2
296	599
512	512
261	3
105	527
329	2
383	12
492	530
597	342
405	19
261	3
406	20
585	393
313	1
58	477
204	16
106	72
95	519
236	593
262	597
297	599
570	170
254	596
258	3
152	560
0	300
154	38
182	25
541	478
534	113
358	6
417	24
414	23
479	540
467	51
301	599
155	38
565	160
160	565
263	3
215	587
550	465
43	146
341	3
15	207
303	599
432	31
94	518
8	232
100	523
383	588
53	470
500	77
262	597
82	94
14	210
173	29
514	510
260	3
391	585
152	560
376	10
250	5
248	5
340	597
121	60
485	64
387	587
464	49
184	24
342	597
180	26
359	594
42	147
384	588
193	20
79	502
37	156
210	14
114	535
421	574
268	598
410	579
194	580
378	11
112	533
506	82
523	100
409	579
440	565
373	590
190	579
542	477
154	38
162	34
80	97
95	81
47	139
376	10
46	459
519	95
418	25
88	512
241	594
294	1
537	117
142	45
530	108
17	399
506	518
472	55
207	585
432	31
191	579
588	384
19	195
434	568
194	20
86	90
258	597
434	32
313	599
383	588
1	276
205	584
562	446
30	430
282	1
353	595
311	599
107	529
533	488
519	95
83	507
590	376
472	545
218	588
139	553
100	77
440	35
54	471
486	65
266	598
477	58
513	511
477	542
127	545
529	493
540	120
315	599
358	6
1	324
9	372
501	78
489	532
378	589
415	23
338	3
278	599
188	578
193	580
203	17
238	593
498	525
330	2
84	92
304	599
544	126
325	598
161	35
218	588
163	34
124	58
457	555
512	512
372	591
504	519
478	59
466	51
309	1
552	462
291	599
474	544
329	2
479	540
148	42
219	588
88	512
314	599
288	599
163	34
256	596
103	74
386	13
321	599
124	542
184	24
259	597
479	540
577	185
469	547
473	55
416	24
76	101
461	553
435	33
410	579
572	426
117	63
467	51
21	190
173	29
462	552
338	597
442	564
163	566
459	554
294	599
69	491
219	588
552	462
574	422
395	584
397	583
484	536
180	26
356	594
76	499
407	580
218	12
249	595
131	53
460	553
133	549
6	241
145	44
144	44
325	598
217	12
302	599
344	596
554	459
553	139
35	440
590	224
424	573
223	11
318	1
373	10
555	458
279	599
227	10
288	1
283	599
176	27
443	563
414	577
337	597
359	594
520	503
152	560
248	5
256	596
422	26
153	561
460	47
141	554
4	252
404	581
77	100
188	22
136	49
290	1
581	405
492	530
206	584
9	228
381	588
248	595
81	95
261	597
60	480
250	595
168	569
114	65
223	11
136	49
26	422
495	527
433	568
547	470
145	44
92	516
444	563
211	586
555	142
516	92
190	21
419	575
315	1
564	442
261	597
218	12
444	563
305	599
162	34
576	183
198	582
301	599
530	108
52	132
446	562
395	16
551	464
556	456
482	62
334	2
274	2
397	17
458	555
277	1
229	591
582	402
200	582
329	598
80	503
577	415
304	599
341	597
531	491
170	30
376	590
309	1
556	456
517	507
169	31
239	7
555	458
59	478
347	596
236	593
21	410
109	69
300	600
7	364
510	86
223	589
386	13
252	596
61	481
230	9
131	547
186	577
131	547
330	2
44	144
169	31
507	517
28	426
127	545
548	132
387	587
33	436
466	549
440	565
290	599
220	589
391	585
203	17
327	2
415	577
190	579
277	599
288	599
138	48
291	599
377	589
168	569
178	26
230	591
188	22
470	53
347	596
134	51
429	570
333	598
86	90
165	567
403	581
214	587
547	130
166	32
410	21
39	447
455	44
57	125
445	38
111	532
287	1
246	5
197	19
151	40
523	500
117	63
536	485
106	72
268	2
44	144
346	596
213	13
141	554
136	551
487	66
263	3
92	516
114	535
278	1
393	585
594	241
595	246
399	583
447	561
199	582
87	511
229	9
37	444
454	557
54	471
413	23
51	467
599	324
350	5
493	71
97	80
47	461
218	12
373	10
418	575
513	511
541	122
72	494
485	64
560	151
63	117
252	596
455	44
546	471
78	501
573	176
209	585
558	453
358	594
421	574
488	533
374	10
305	1
207	585
575	181
341	597
575	181
271	2
318	1
562	446
343	4
195	19
550	135
99	522
59	478
204	16
34	162
418	575
280	599
365	592
488	67
171	30
315	599
586	390
5	354
195	581
180	574
570	430
124	58
434	32
14	390
238	593
551	136
121	540
52	468
375	590
244	6
413	23
166	32
138	48
136	49
401	582
401	582
95	81
383	588
47	139
562	446
389	14
66	487
160	565
163	566
80	97
478	541
406	20
300	0
403	19
523	500
513	89
43	146
414	23
562	154
118	538
123	58
520	503
342	3
321	599
233	8
445	38
379	11
84	508
353	595
136	49
370	591
181	25
93	83
498	75
90	86
340	3
398	17
465	550
504	519
361	7
536	115
465	550
40	449
442	36
554	141
190	579
536	115
106	72
67	112
23	185
267	2
163	34
326	598
220	589
580	407
301	599
398	17
169	569
150	41
316	599
234	8
312	1
179	26
461	47
418	25
218	12
497	74
48	462
191	21
399	583
37	444
23	185
462	552
232	8
404	581
61	119
269	598
187	23
21	410
368	8
84	508
127	545
416	24
383	588
525	102
299	1
73	104
117	537
44	144
315	599
269	598
131	547
360	593
379	589
170	30
257	596
295	599
273	598
107	71
117	63
501	78
454	557
146	43
9	228
517	507
285	1
100	523
449	560
94	518
586	390
184	24
298	1
95	519
333	2
527	104
508	516
186	577
532	490
421	574
553	461
460	47
595	354
118	538
499	76
395	16
455	556
289	599
273	2
22	188
94	82
192	21
482	538
280	1
368	592
398	17
303	1
301	599
209	15
591	372
213	587
499	76
132	548
82	506
384	12
482	538
88	88
354	5
57	475
108	70
103	74
264	597
137	49
485	64
570	430
26	178
491	69
179	26
237	7
79	502
333	2
190	21
465	50
520	503
38	154
249	595
92	516
216	12
177	573
311	599
378	589
13	387
305	599
390	586
239	593
428	29
146	557
487	534
114	535
167	32
366	592
35	160
340	3
162	34
53	130
503	80
6	359
474	56
531	109
208	585
374	590
452	558
325	598
311	599
98	79
356	594
187	577
118	62
490	532
2	266
112	533
265	597
570	170
126	544
285	1
550	135
29	172
525	498
289	1
44	456
251	5
216	588
339	3
111	532
435	567
124	58
277	1
10	224
249	595
92	84
427	29
475	543
89	513
137	551
129	54
66	487
585	207
322	1
489	68
345	596
58	123
531	109
546	471
61	481
343	596
578	412
145	44
131	53
517	507
204	16
379	11
131	53
113	66
300	0
552	462
464	551
212	586
396	16
34	438
86	510
306	1
346	4
355	6
522	501
101	76
308	599
178	574
357	6
422	26
435	567
414	577
129	54
101	76
91	85
272	2
569	168
83	507
241	6
205	584
69	109
215	13
331	598
514	90
579	190
117	537
435	33
174	572
87	511
552	462
332	2
42	147
395	16
48	138
355	594
59	478
55	473
116	64
366	592
151	560
226	10
74	103
72	494
187	577
334	2
321	599
411	578
59	478
71	107
149	559
91	515
218	588
452	42
411	22
177	573
332	598
348	4
200	18
70	492
499	76
338	597
501	522
99	522
47	461
73	496
221	11
551	464
508	84
80	503
117	537
96	81
375	10
583	201
163	566
192	579
313	599
176	27
120	540
473	545
122	541
278	1
397	583
65	114
390	14
408	579
489	68
543	475
51	133
110	68
24	417
19	405
497	74
507	83
173	29
321	1
0	300
161	565
313	1
182	25
268	2
383	12
41	451
209	585
284	1
350	595
283	1
379	589
86	510
111	68
464	551
15	393
221	589
334	2
108	70
378	589
251	595
450	559
177	27
251	595
150	41
402	18
383	588
99	522
166	32
144	556
471	54
470	53
205	584
505	519
290	599
336	597
301	1
243	6
230	591
89	513
445	38
470	547
441	36
81	95
52	132
539	481
315	1
219	588
412	22
119	539
224	590
46	141
160	565
136	49
547	470
398	583
245	6
534	113
164	33
599	324
252	4
387	13
370	9
170	570
134	51
75	102
345	4
174	572
446	38
492	70
293	599
208	15
98	79
263	3
253	4
442	36
378	11
485	536
512	512
335	597
407	20
178	574
354	595
532	490
493	71
492	70
544	126
281	599
88	512
564	158
391	585
374	590
234	8
323	599
216	588
126	56
339	597
598	334
367	592
22	412
191	21
499	524
439	565
542	123
252	4
273	598
71	107
398	17
56	126
467	549
335	597
98	79
358	6
293	1
51	133
247	595
330	2
501	522
102	525
19	195
560	151
586	390
560	449
8	368
472	55
40	449
233	592
144	556
244	594
178	26
395	584
186	577
344	4
254	4
298	599
307	1
49	464
244	594
39	153
446	38
438	34
199	18
56	126
476	58
2	334
441	564
226	590
412	22
415	23
91	85
103	526
339	3
459	46
130	547
599	324
228	591
62	482
418	575
395	16
386	587
442	564
423	573
20	193
576	183
169	569
79	98
232	592
568	434
42	147
137	551
53	130
360	7
164	567
247	5
284	599
517	507
401	18
143	555
591	372
92	84
468	52
550	465
266	598
251	5
115	64
563	156
445	562
485	536
501	78
146	557
7	364
227	590
451	559
237	593
76	499
482	538
331	2
236	593
392	15
131	53
80	503
390	14
338	597
390	586
531	109
341	597
385	13
110	532
269	2
438	34
177	27
127	545
169	569
54	471
231	9
538	482
542	123
277	1
208	15
496	73
531	491
198	582
6	359
114	65
385	13
165	567
450	41
423	573
412	578
215	587
194	20
486	535
106	528
157	563
588	216
599	276
33	164
568	434
449	40
213	13
493	71
166	32
187	577
446	562
495	527
339	597
174	572
409	579
446	38
169	569
386	587
350	595
26	422
368	8
310	599
465	50
43	454
517	507
254	4
463	551
486	65
319	1
454	557
527	496
272	2
389	586
413	577
82	506
16	204
209	15
51	467
147	42
32	434
63	117
26	178
120	540
533	112
462	552
263	597
422	574
82	506
589	380
362	593
184	24
552	462
71	107
257	4
303	599
401	18
183	24
513	511
171	570
296	1
68	490
493	529
160	565
218	12
197	581
308	599
297	599
135	50
38	446
326	2
337	597
313	1
25	181
47	461
4	252
234	8
397	583
459	46
554	459
50	465
50	465
319	599
100	523
143	555
306	599
366	592
13	387
379	11
538	482
161	35
561	153
9	372
214	587
237	7
208	585
0	300
471	54
473	55
436	33
190	21
264	597
60	120
438	566
197	19
68	110
59	478
116	536
16	396
170	30
328	598
158	36
182	575
9	372
483	63
172	571
222	589
91	515
53	470
569	168
553	139
477	542
152	560
595	354
531	109
325	598
504	81
87	89
498	75
203	583
452	558
185	23
357	594
440	35
396	16
498	525
309	599
169	31
476	542
439	35
270	598
340	597
184	24
193	20
247	595
393	15
62	118
495	527
157	563
329	2
526	497
508	84
596	252
50	465
580	407
79	502
269	2
522	99
84	508
438	34
528	494
383	12
341	3
289	1
444	563
116	64
543	125
109	531
481	539
510	86
372	9
302	1
357	6
187	577
266	598
323	599
171	30
361	593
198	18
453	42
412	578
133	549
314	599
135	50
122	541
9	372
519	95
295	1
280	599
579	410
587	387
579	190
11	220
508	84
44	456
21	190
507	83
302	1
403	581
447	39
506	82
589	220
146	43
183	576
235	592
487	534
109	531
411	22
572	426
299	599
548	468
150	41
524	101
21	410
199	582
321	599
549	467
384	588
368	592
578	412
154	562
146	43
412	578
368	592
113	66
395	16
450	41
315	1
218	12
173	571
473	545
496	527
591	228
485	536
246	595
523	100
377	589
72	494
555	142
548	132
192	579
62	118
361	593
410	21
379	589
51	467
206	584
578	412
467	549
400	18
311	1
568	434
445	38
525	498
511	513
163	34
556	144
210	14
69	109
181	25
466	549
361	593
530	492
321	599
303	1
142	45
272	598
67	488
576	417
22	412
331	598
419	25
25	419
195	581
211	14
473	55
563	156
253	596
224	590
290	1
574	422
474	544
236	593
465	50
423	573
62	118
236	7
30	430
363	593
67	112
591	228
50	465
146	557
50	465
509	85
296	599
548	468
320	599
64	115
574	178
487	534
362	7
246	5
401	18
262	597
536	115
428	571
572	426
314	1
285	599
516	92
457	45
525	498
212	14
232	592
453	558
578	412
548	132
132	548
416	24
142	45
229	591
95	519
58	477
585	393
377	589
322	1
527	496
77	500
251	5
390	14
459	554
101	76
162	566
298	599
575	419
39	447
86	510
147	558
505	519
202	17
146	43
306	1
159	564
336	597
424	573
473	545
284	599
509	85
31	432
397	17
577	415
573	176
72	106
21	410
181	25
361	7
252	4
456	556
293	1
106	72
7	236
299	1
572	174
76	499
128	545
33	436
579	410
68	110
526	497
544	474
386	587
298	599
44	144
578	188
564	158
560	449
301	599
384	588
223	589
232	8
312	599
569	168
97	80
312	599
20	193
9	372
36	442
393	585
45	142
522	501
538	118
236	593
237	7
238	7
160	565
579	410
267	598
441	564
47	139
158	564
47	139
243	6
302	599
482	538
91	515
580	193
121	60
323	1
411	22
318	599
309	599
467	549
109	531
390	586
320	599
96	81
289	1
411	22
141	554
345	4
370	591
309	1
102	75
201	583
507	517
182	575
320	1
530	108
395	16
580	193
498	525
219	12
9	372
108	530
221	11
347	596
199	18
200	582
500	523
266	2
138	48
434	32
69	109
558	453
440	35
582	198
151	560
219	12
40	449
35	440
490	532
442	564
405	19
482	62
473	55
315	1
67	488
325	598
138	552
290	1
448	40
1	324
236	7
157	37
4	252
68	490
535	486
459	46
200	18
495	73
455	556
158	564
458	555
548	468
569	168
33	436
463	49
184	24
164	33
227	10
391	585
242	6
393	585
234	592
453	558
10	376
459	46
496	527
212	14
82	506
423	27
17	399
250	5
200	582
125	57
202	583
464	551
153	39
196	581
211	14
63	483
239	593
281	1
270	2
564	158
244	6
592	232
261	597
572	174
148	42
281	599
311	599
360	7
566	162
372	591
59	122
122	541
211	14
597	342
434	568
526	103
13	387
64	485
281	599
249	595
457	555
565	440
484	64
221	11
333	598
124	542
500	523
434	32
338	3
362	593
449	40
398	583
242	6
106	528
121	60
486	65
506	82
101	76
119	539
442	36
425	572
274	598
515	91
324	1
487	534
461	47
240	7
17	201
238	7
492	70
96	519
262	597
228	591
180	26
482	538
531	109
527	496
176	573
93	83
243	594
487	66
58	477
81	505
314	599
494	528
40	151
444	563
237	593
187	577
351	5
187	23
381	588
234	592
347	596
252	4
179	26
181	575
149	41
394	16
381	588
342	3
458	555
464	49
343	4
497	74
27	176
220	589
307	1
575	181
575	419
493	529
209	585
365	8
561	153
334	598
182	25
321	599
104	527
216	588
161	35
213	13
297	1
323	599
569	432
577	185
527	496
381	588
288	1
29	172
204	584
216	588
74	497
571	428
76	101
576	417
494	72
201	17
512	512
250	5
27	424
13	387
256	596
478	59
516	508
430	570
320	1
94	518
76	499
321	599
299	599
276	599
154	562
138	552
419	575
55	127
94	82
46	459
486	65
14	210
409	579
311	599
337	3
386	13
193	580
407	20
73	104
224	10
506	518
51	467
69	109
269	2
581	195
81	505
69	109
391	585
508	516
322	599
469	547
338	3
51	133
208	15
322	599
296	1
377	589
320	599
387	587
47	139
572	174
545	473
49	464
279	1
304	599
363	593
319	1
41	451
520	503
81	505
506	518
448	40
11	220
582	198
49	464
475	543
360	593
363	593
53	130
1	276
281	599
391	15
578	412
139	553
155	38
229	9
332	2
572	174
4	348
585	393
122	541
76	101
4	252
50	465
158	564
464	551
444	563
401	582
27	176
131	547
81	505
480	540
437	566
161	565
529	107
508	84
428	571
366	8
380	589
19	195
208	15
570	170
452	42
222	11
549	467
71	107
141	46
520	503
145	556
65	486
589	380
28	426
201	583
556	144
92	84
490	532
223	589
266	2
237	7
74	103
166	568
322	1
275	598
398	583
427	571
9	228
4	252
588	384
326	2
164	33
145	44
314	599
598	334
139	47
283	1
296	1
352	5
136	49
39	447
121	540
569	168
61	119
394	584
89	513
126	56
513	511
526	497
223	589
459	554
307	1
443	37
500	523
384	12
293	1
390	586
498	75
589	220
546	471
180	26
358	6
527	104
183	576
335	597
62	482
248	5
573	176
464	551
579	410
442	564
237	7
402	582
536	115
20	193
58	123
581	405
296	599
467	549
522	99
472	545
155	38
258	3
405	581
86	510
393	15
370	591
556	456
418	575
389	586
145	556
98	79
50	135
171	30
183	576
550	135
110	68
529	107
316	1
119	539
169	31
9	228
467	51
142	45
159	36
333	598
90	514
583	399
69	491
457	555
455	556
47	139
172	571
589	380
108	530
431	31
246	5
32	434
403	581
375	10
447	561
325	598
569	168
275	598
468	52
353	595
359	594
473	545
471	54
410	21
484	536
424	27
472	545
473	545
364	7
427	29
69	109
576	183
187	577
203	17
490	68
77	500
194	580
24	417
273	2
253	596
281	1
528	494
340	3
209	15
410	579
126	56
445	562
155	38
60	480
204	16
572	426
529	107
453	42
504	81
224	590
57	475
478	541
266	598
564	158
51	467
435	567
356	6
260	3
202	583
424	27
184	576
381	12
474	544
484	536
61	481
495	73
243	6
385	13
562	154
142	555
28	426
305	1
321	1
532	490
288	599
210	586
517	507
313	1
444	37
227	590
76	499
83	93
526	103
548	132
13	387
141	554
383	588
81	95
121	540
260	3
178	574
31	432
14	210
308	599
530	492
157	37
103	74
487	66
575	419
276	1
221	11
590	224
513	89
311	1
9	228
237	593
27	424
59	122
166	568
259	3
57	475
248	595
83	507
151	560
425	572
125	57
407	20
315	599
582	402
495	73
323	1
557	454
47	461
530	108
331	2
593	364
76	499
278	1
452	42
567	436
41	149
75	102
519	505
82	94
496	73
29	428
420	574
495	73
204	16
328	2
519	95
2	266
152	40
36	442
415	23
244	594
251	595
249	5
9	228
319	599
118	62
68	110
248	5
407	580
323	599
160	565
536	485
402	582
512	512
245	6
14	210
401	18
242	6
469	53
585	207
52	468
506	518
281	599
132	52
473	545
139	47
503	80
473	545
78	501
1	276
343	596
534	487
162	34
154	38
321	599
115	64
79	502
72	106
408	579
178	26
458	555
445	562
185	23
446	562
201	17
78	99
580	193
484	64
331	598
216	588
297	1
500	77
595	354
109	69
308	1
151	560
205	584
200	582
250	595
554	141
55	473
444	563
25	181
354	595
121	60
544	126
451	41
262	597
413	23
133	51
579	190
480	60
303	599
462	552
597	342
515	91
277	599
294	599
194	20
174	572
63	483
53	130
321	599
342	597
72	106
491	69
247	595
207	15
338	597
243	594
167	568
468	52
486	65
241	594
130	547
290	599
209	15
340	597
480	60
425	28
168	31
84	508
437	34
450	41
468	52
156	37
36	158
425	28
550	135
352	5
303	1
180	26
276	1
352	595
548	468
105	73
553	139
419	25
376	10
595	354
185	23
444	563
168	569
126	544
49	136
216	588
515	91
550	465
539	481
46	141
417	576
548	468
295	599
517	507
198	582
232	592
435	567
344	596
175	28
183	576
540	480
341	597
427	571
118	538
242	594
89	513
266	598
428	571
295	1
341	3
97	520
52	468
48	138
556	456
124	542
304	599
394	584
282	599
194	20
374	590
29	428
430	30
269	598
519	505
572	426
544	474
494	528
474	544
163	34
195	581
20	407
229	9
591	372
403	19
366	592
332	598
297	1
168	31
244	6
223	11
275	598
185	23
41	451
528	106
504	519
273	2
467	549
314	1
64	115
13	213
489	532
147	558
89	513
516	508
555	142
474	544
430	30
405	581
174	28
473	55
580	407
291	599
517	93
67	112
216	12
188	578
40	449
494	528
193	20
117	63
248	595
194	20
227	10
527	104
272	598
128	55
354	5
365	8
197	581
180	574
91	515
155	562
7	236
107	529
118	538
496	527
229	591
141	554
222	11
76	499
276	599
323	599
342	597
522	99
369	591
489	68
549	467
191	21
233	8
149	41
155	562
96	81
408	579
285	599
457	45
112	67
382	588
421	26
565	440
567	436
371	591
534	487
211	14
411	578
444	37
384	12
308	1
146	557
403	581
128	545
218	12
422	26
210	586
418	25
385	13
527	496
280	599
87	511
160	35
468	52
354	595
175	28
581	195
482	62
562	154
169	31
452	42
298	1
204	16
149	559
312	599
223	11
483	537
65	114
288	599
69	109
112	533
296	599
531	109
115	64
435	33
244	594
252	596
321	599
103	74
28	174
158	36
306	599
442	36
54	129
183	24
315	1
58	477
510	86
345	4
97	80
456	556
324	599
124	542
111	532
40	151
154	38
45	458
21	410
127	545
387	13
594	241
585	393
163	566
197	581
171	30
58	477
206	16
439	565
482	538
295	599
403	581
435	33
115	64
347	4
399	583
413	577
268	598
340	3
184	24
297	1
126	544
175	28
297	599
96	519
193	580
53	130
148	558
427	29
595	354
409	21
101	524
278	1
306	1
567	164
525	102
102	75
165	567
350	5
517	507
283	599
366	592
15	207
558	147
22	412
466	51
507	517
63	483
299	599
262	3
583	399
358	6
416	576
116	64
51	467
341	3
212	14
500	77
438	566
398	583
304	599
378	589
588	384
47	461
57	125
318	599
544	126
119	539
115	536
175	572
505	519
278	599
263	3
159	36
240	7
32	166
541	478
33	436
208	15
562	154
162	34
349	5
261	597
595	246
171	30
35	160
61	481
116	64
248	595
523	500
121	540
328	598
185	23
411	578
164	33
580	193
52	132
368	8
418	575
311	1
476	542
355	594
210	586
155	562
131	547
349	5
116	64
226	10
584	204
394	16
252	4
465	50
521	98
514	90
548	132
527	496
138	48
219	12
269	598
86	90
228	591
416	576
262	3
281	599
455	44
156	563
579	190
148	558
463	551
511	513
7	236
303	1
218	12
39	447
217	12
571	172
447	39
336	3
131	53
98	521
264	3
52	468
189	578
114	65
0	300
435	567
262	3
235	8
582	402
404	19
163	566
204	16
520	97
41	149
381	12
329	2
440	565
7	236
519	505
95	81
186	23
179	26
230	9
574	178
75	102
597	258
599	324
374	590
475	57
336	597
187	577
482	62
259	597
407	580
309	599
575	181
95	519
394	16
18	198
101	76
173	29
286	1
231	591
132	548
300	0
184	24
599	324
536	115
93	517
202	583
418	575
38	446
165	33
580	193
222	11
324	1
81	95
532	490
570	430
524	499
175	572
197	19
381	588
64	115
283	599
356	6
531	109
487	66
95	81
389	586
384	588
518	94
89	513
490	532
426	28
296	599
480	540
420	26
554	459
222	11
223	11
95	81
363	593
207	585
241	6
82	506
441	564
105	73
498	525
164	33
171	30
77	500
364	7
320	1
58	123
582	402
391	15
425	28
519	505
402	582
470	53
558	147
152	560
263	597
297	1
343	596
10	224
167	32
53	130
149	41
232	8
532	110
565	160
533	488
50	135
356	6
316	599
533	488
55	127
37	156
584	204
469	53
411	578
49	464
224	10
295	599
312	599
539	119
182	575
408	21
553	461
392	15
166	32
180	574
90	514
327	598
228	591
220	589
153	39
233	8
434	32
35	440
360	7
24	183
271	2
156	37
576	417
59	122
240	593
174	28
182	575
112	533
402	582
216	12
425	572
385	13
109	531
316	1
17	399
407	20
434	568
423	27
265	597
529	493
126	56
567	436
22	188
174	28
252	596
59	122
246	595
70	492
326	2
566	438
593	236
380	11
421	26
212	14
571	428
510	86
52	468
587	387
199	582
491	69
8	232
91	85
341	597
227	10
362	7
70	492
548	468
227	590
114	535
72	494
288	1
510	514
341	597
439	35
5	354
340	3
513	511
11	220
529	107
134	549
555	142
319	599
53	470
15	393
31	168
366	592
156	37
52	132
79	98
574	178
163	566
468	548
594	359
512	88
167	568
425	28
95	81
533	488
433	568
37	444
55	127
66	113
108	530
557	146
269	2
500	77
45	142
313	1
73	104
332	598
74	103
401	582
552	462
300	0
235	592
249	595
229	591
584	396
108	70
325	598
412	578
486	65
224	10
109	531
40	151
421	26
183	576
482	62
596	252
497	526
568	166
550	135
183	576
421	26
351	595
376	10
502	521
127	55
336	597
421	26
237	7
375	590
393	585
143	45
157	563
279	1
260	597
546	471
8	232
44	456
442	564
593	364
72	106
475	57
192	579
237	7
339	3
180	574
397	17
574	178
473	55
378	589
425	28
303	599
475	57
153	561
104	73
230	9
46	459
526	497
261	3
73	496
166	32
386	587
598	334
241	6
131	53
303	599
62	482
226	10
14	210
120	540
398	17
465	550
20	193
309	1
178	26
188	578
73	496
580	193
265	3
333	598
334	598
473	55
301	1
559	451
60	480
550	465
223	11
422	574
534	113
547	470
500	77
523	500
122	541
39	153
274	2
174	28
384	588
412	22
82	506
313	1
73	496
78	99
343	596
435	567
0	300
276	1
414	577
378	11
508	84
325	2
228	591
191	579
116	536
532	490
98	521
278	599
537	483
492	70
236	593
338	3
327	598
364	593
557	146
541	122
371	591
92	84
523	100
573	176
566	438
470	547
305	1
128	55
464	49
341	3
552	462
89	87
557	454
392	585
236	7
231	9
3	342
455	556
197	19
380	589
129	54
309	599
594	241
452	42
26	178
148	558
271	2
66	487
487	534
11	220
296	599
53	470
480	60
459	554
459	46
184	24
411	22
13	387
42	147
509	85
259	597
589	380
566	438
161	565
18	198
282	1
372	9
323	599
526	497
451	559
419	25
261	3
119	539
298	1
412	22
201	583
343	596
317	599
288	599
500	523
472	55
95	81
293	1
437	566
361	7
283	599
329	2
534	487
569	432
553	461
45	458
130	547
82	94
478	541
98	521
277	1
390	14
192	579
407	20
135	50
237	593
351	595
392	15
144	556
29	428
309	1
296	1
125	543
480	540
54	129
32	166
345	4
121	60
400	18
445	38
332	2
598	266
484	64
477	542
527	496
455	556
451	41
353	595
302	1
517	93
41	149
333	2
28	426
507	517
20	193
43	454
369	9
32	166
117	63
395	584
135	550
147	42
381	12
366	592
480	540
213	13
289	599
29	428
202	17
178	26
79	98
286	599
514	90
247	595
414	577
95	519
340	3
517	93
185	23
145	556
57	125
492	70
540	120
445	562
382	12
296	599
541	122
530	492
283	1
295	599
371	9
44	144
497	526
185	23
130	53
574	178
259	597
190	579
173	29
481	539
69	109
155	562
130	547
594	359
528	494
405	581
17	201
415	577
387	13
515	509
117	63
98	79
531	109
63	117
353	595
324	599
347	596
270	2
459	554
410	21
324	1
523	100
203	17
84	92
462	552
95	519
92	516
368	592
132	52
132	548
26	178
427	571
36	442
228	591
67	488
72	106
236	593
526	497
78	501
78	501
38	154
201	17
430	570
21	190
220	589
279	1
278	599
17	201
4	348
299	599
318	599
581	195
236	7
306	1
420	574
513	89
366	8
445	38
292	599
445	38
509	515
437	566
96	81
163	566
294	1
126	56
568	434
167	568
336	597
516	92
187	23
154	562
315	599
384	12
555	142
547	470
140	553
35	160
117	537
188	578
487	534
336	597
470	53
298	1
531	109
414	23
78	99
324	599
489	532
36	158
64	115
267	598
557	146
459	554
0	300
337	3
595	246
247	595
467	51
98	79
170	570
78	501
474	56
189	578
36	442
574	422
454	43
474	56
459	554
354	5
493	71
477	542
142	555
422	26
115	64
217	588
65	114
414	23
18	198
438	34
512	512
114	65
546	471
204	584
388	586
429	30
552	138
173	571
363	7
481	61
491	531
78	501
428	571
131	53
450	559
45	458
424	27
437	566
463	551
196	581
578	188
534	113
62	482
380	11
247	595
315	599
142	45
587	387
375	10
530	108
62	482
366	8
537	483
17	201
121	540
174	28
194	580
219	12
570	430
15	207
206	16
298	599
8	368
436	33
429	30
229	591
562	154
572	426
143	555
156	563
244	6
64	485
384	12
94	518
408	579
249	5
228	9
345	596
45	458
94	518
595	246
578	188
123	58
124	58
518	94
400	18
188	22
451	41
63	483
37	444
285	599
119	539
157	37
540	120
306	1
156	563
293	1
148	42
412	22
329	598
273	2
402	18
510	86
390	586
220	589
42	147
219	12
133	549
60	480
199	582
490	68
195	581
359	594
510	514
434	568
176	27
501	78
567	164
85	509
194	20
348	4
211	14
328	2
414	577
470	547
190	579
353	5
471	546
556	456
294	1
88	88
276	599
118	538
585	393
310	1
486	535
104	527
203	17
424	27
455	556
415	577
405	19
508	84
539	481
41	451
22	188
34	162
66	487
336	597
366	8
524	101
516	508
495	527
261	597
109	69
419	575
475	57
488	67
110	532
580	193
562	154
452	42
148	558
469	53
559	451
545	127
58	123
392	15
323	599
159	564
29	172
182	575
525	102
555	142
131	53
261	3
195	581
267	598
258	3
130	547
486	65
197	581
95	519
399	17
338	3
60	480
428	571
237	7
2	334
475	57
63	117
466	51
512	88
327	598
137	49
85	91
242	6
72	494
308	599
444	37
230	591
256	596
340	3
228	591
366	592
546	471
559	451
537	483
4	252
491	531
364	7
121	60
319	1
333	2
127	545
580	407
115	536
526	497
227	590
54	129
69	109
181	25
206	16
147	42
316	599
221	11
400	582
578	412
353	5
327	2
363	7
571	428
7	364
212	14
268	598
448	560
43	146
488	67
184	576
407	580
100	77
176	27
239	593
429	30
443	563
500	77
517	507
452	42
180	574
165	33
235	592
285	599
323	1
199	582
409	579
302	1
376	590
184	24
207	585
342	597
523	100
143	555
55	127
387	13
199	582
157	37
269	2
506	82
594	241
367	8
518	506
599	276
347	4
297	599
300	600
40	449
115	64
580	193
311	1
461	47
36	158
32	434
493	529
115	64
396	584
146	557
466	549
356	594
11	380
431	31
456	44
439	565
240	7
158	36
400	582
470	547
343	4
306	1
295	1
258	3
61	119
333	598
346	596
129	546
330	2
238	593
385	587
328	598
61	481
507	517
463	551
41	149
579	410
199	18
7	236
470	547
241	6
309	1
144	556
339	3
316	599
314	1
418	25
79	98
24	183
398	17
439	35
475	57
326	2
83	93
242	594
441	36
507	517
332	2
482	62
445	562
351	595
327	598
367	592
543	125
251	595
547	130
492	530
287	1
314	1
554	141
275	598
519	95
496	527
536	485
147	42
180	574
269	2
305	1
261	3
437	34
363	593
94	518
322	1
586	210
395	16
520	97
582	402
125	57
516	92
467	549
296	599
364	593
364	7
124	58
279	599
20	407
204	16
131	53
254	596
55	473
415	23
169	569
496	527
391	15
499	76
299	599
156	563
504	81
150	559
108	70
377	11
241	6
561	447
318	1
131	53
411	22
336	597
345	596
236	593
584	204
136	551
514	510
595	354
428	571
87	511
285	1
496	73
543	125
327	2
539	481
93	517
369	591
211	586
349	5
422	574
36	442
232	8
222	11
353	595
46	459
77	100
260	597
375	590
331	598
355	6
342	597
176	573
46	141
460	47
567	436
522	501
521	98
255	4
401	18
571	172
71	493
554	459
179	574
138	48
49	136
502	79
523	500
529	493
549	133
335	597
260	3
509	85
472	545
457	45
313	1
140	553
413	577
363	7
63	483
237	7
164	33
383	588
550	135
555	458
163	34
255	596
280	1
170	30
463	49
377	11
353	595
160	35
308	1
268	598
108	70
429	30
432	31
352	595
220	11
474	56
84	92
426	572
56	474
77	500
522	99
37	444
260	3
147	558
351	5
513	89
319	1
588	216
42	453
31	432
463	49
115	64
187	577
154	38
86	90
539	481
260	3
303	1
136	551
266	598
59	122
109	69
370	9
25	181
46	459
342	3
380	589
513	511
436	33
596	252
135	50
287	599
530	492
588	384
448	40
360	7
403	19
309	599
26	178
221	11
199	18
369	591
127	545
96	81
500	523
3	342
512	88
493	529
255	4
439	565
295	1
497	526
532	490
229	9
52	468
142	555
89	513
382	12
173	29
484	64
495	73
572	174
243	594
489	532
336	597
342	3
27	424
570	170
210	14
193	20
450	41
95	81
409	579
479	60
368	8
314	599
120	60
204	584
558	147
456	44
17	399
371	9
63	483
310	599
207	15
581	195
298	1
516	92
259	3
49	464
333	2
333	598
252	4
389	586
147	558
509	85
453	42
211	14
55	473
513	511
450	41
204	16
342	3
482	538
490	532
112	533
153	561
121	540
110	68
171	30
144	556
172	571
120	60
274	2
215	587
167	568
557	146
75	102
100	523
156	563
227	590
264	597
542	123
227	590
483	537
588	216
567	164
129	546
423	573
475	57
187	577
501	522
108	70
206	16
78	99
94	82
585	393
245	6
122	59
582	198
478	59
434	32
238	7
513	511
309	1
220	589
167	32
422	574
148	558
105	527
586	210
220	11
369	9
186	577
207	15
278	599
540	120
298	1
80	97
103	74
424	27
383	12
191	21
390	14
249	595
599	324
163	566
459	554
102	75
412	22
419	25
39	153
128	545
424	27
368	592
176	27
113	534
217	588
199	18
434	32
582	198
213	587
572	174
502	521
357	6
519	505
400	582
382	588
567	436
160	35
316	599
406	580
190	21
598	334
523	100
77	500
295	1
359	594
283	599
113	534
57	475
326	2
548	132
526	497
572	174
357	594
375	10
271	2
323	1
185	23
175	572
131	547
338	597
593	364
139	47
81	95
23	185
583	201
121	540
115	536
420	26
324	1
252	596
222	589
403	19
535	114
415	577
48	462
392	15
535	486
496	73
105	73
347	4
308	1
93	517
362	593
163	566
585	207
209	15
432	31
331	2
28	174
351	5
217	12
119	61
292	1
309	599
581	195
320	599
138	48
27	176
158	36
92	516
64	485
569	168
576	417
382	588
388	586
116	64
49	136
403	19
309	1
352	595
17	399
218	588
508	516
278	599
323	599
27	176
261	3
0	300
538	118
489	532
323	1
312	1
388	586
87	511
422	574
244	594
298	599
158	36
584	204
44	144
5	354
421	574
83	507
474	56
394	16
351	5
20	193
352	5
262	597
296	1
323	599
405	19
91	85
560	151
424	27
480	540
225	10
526	103
567	164
483	537
141	46
221	589
580	407
200	582
420	26
226	10
495	73
343	596
384	12
507	517
113	534
134	51
418	575
241	6
213	13
438	34
309	1
406	20
383	12
365	592
49	464
23	185
256	596
22	188
525	498
99	522
303	599
354	5
220	589
162	34
352	595
137	551
369	9
455	44
297	599
497	526
426	572
294	1
464	49
422	574
495	73
533	112
30	170
87	511
563	156
406	580
390	14
543	475
98	521
203	583
438	566
481	61
401	18
577	415
236	7
411	578
73	104
21	190
561	153
267	598
348	4
409	21
177	27
244	6
134	549
463	49
497	74
50	465
292	1
476	58
375	590
385	587
352	5
494	528
533	488
401	582
434	32
374	10
534	487
285	1
256	4
111	532
127	545
118	538
310	599
340	3
231	9
500	523
422	26
93	517
286	599
421	26
210	14
306	1
337	597
500	77
444	37
470	53
364	593
499	524
428	29
453	42
438	566
376	590
321	1
349	5
304	599
411	578
422	26
48	462
149	41
550	465
71	493
56	126
435	33
595	354
289	1
26	178
145	556
97	80
309	1
395	584
574	178
583	201
596	348
53	470
288	1
543	475
499	524
506	518
346	596
324	1
281	599
535	114
499	76
531	109
92	516
466	549
118	538
85	91
455	556
197	581
468	52
3	258
407	580
464	551
43	146
104	527
72	494
297	1
586	390
147	558
76	101
583	399
146	43
297	1
236	593
234	8
174	572
94	82
276	1
405	581
19	405
437	566
395	584
500	523
40	151
147	42
280	599
126	56
63	117
279	1
101	524
459	46
442	564
277	1
320	599
430	570
294	1
550	135
61	481
283	599
218	12
456	44
516	508
242	594
120	540
492	70
1	324
186	23
491	531
266	2
542	477
30	170
519	95
22	188
10	376
299	599
228	9
566	162
389	14
239	593
515	91
114	65
177	27
291	599
302	1
234	592
410	21
74	103
436	33
43	454
46	459
31	432
330	598
586	210
550	135
18	402
58	123
158	564
570	430
291	1
295	599
417	576
72	106
333	598
431	31
584	396
350	595
476	542
487	66
14	210
531	109
335	597
234	8
404	19
521	502
358	6
522	501
348	596
149	559
404	19
13	387
64	485
85	91
477	542
496	527
295	1
192	21
353	595
199	582
145	44
569	432
135	550
579	410
597	258
540	480
226	590
585	393
473	545
287	1
551	464
417	24
362	593
370	591
292	1
124	542
551	464
543	125
90	86
109	531
218	12
378	589
524	101
425	28
390	586
537	117
493	529
574	178
9	228
212	14
389	586
287	1
547	130
510	86
164	33
461	47
517	93
553	461
253	596
231	591
563	444
262	3
460	553
203	583
194	20
314	1
216	588
346	4
554	141
562	154
209	15
543	475
436	567
455	44
490	68
504	81
76	101
426	572
32	166
139	553
487	534
225	590
128	55
434	568
438	566
399	583
268	2
287	599
369	591
120	60
135	50
64	485
189	22
169	31
460	47
347	596
134	51
76	499
90	86
402	582
332	598
521	502
106	528
440	565
34	438
518	94
391	585
338	597
402	18
200	18
284	1
263	3
569	168
263	597
257	596
16	204
25	181
53	470
166	568
392	15
433	32
263	597
70	108
556	144
103	74
2	334
445	38
107	71
246	595
102	525
218	588
278	1
551	464
374	10
541	478
513	89
260	3
358	6
65	486
480	540
488	533
59	478
11	380
66	113
168	569
206	584
344	596
17	201
308	1
441	564
562	154
280	1
310	1
359	6
156	563
323	1
353	5
272	2
137	551
114	65
386	13
210	14
64	115
597	258
378	589
561	153
354	595
312	599
114	65
575	181
474	544
296	599
270	2
204	584
571	172
221	11
338	3
430	30
477	542
94	82
119	61
361	7
9	228
7	236
6	359
433	32
63	117
29	428
491	531
115	64
414	577
111	532
571	428
279	599
460	553
191	579
326	2
560	449
577	415
367	592
341	3
57	125
137	551
292	599
76	499
329	2
382	12
238	593
345	4
152	560
441	36
597	258
90	514
15	393
81	95
589	220
195	581
364	593
433	568
370	9
237	593
43	454
78	501
268	2
15	393
469	53
431	569
180	26
289	1
356	6
331	2
445	38
91	85
412	22
277	1
451	559
34	162
52	132
19	195
286	599
307	599
402	582
330	2
416	24
430	570
218	588
475	543
514	90
475	57
455	44
225	10
11	380
319	599
576	417
216	12
144	556
264	597
292	1
319	1
516	92
164	567
366	8
158	564
169	569
494	528
89	87
32	434
269	598
281	1
523	100
450	41
206	584
242	594
6	359
194	20
518	506
161	35
330	598
552	138
111	532
56	474
572	174
87	89
238	7
498	75
18	198
580	407
364	7
165	33
244	594
382	12
392	585
152	40
468	52
292	1
253	596
45	142
118	62
178	574
378	11
583	399
336	597
267	2
53	470
485	64
75	102
39	447
270	598
229	591
151	40
255	596
450	41
185	577
282	1
380	11
325	2
293	599
362	593
139	553
206	16
518	94
518	94
451	41
502	79
164	33
112	533
172	571
145	44
192	21
109	69
561	447
106	72
22	188
274	2
135	550
491	531
556	144
513	89
539	481
458	45
201	583
282	599
591	372
485	536
270	2
570	430
126	56
519	95
223	589
190	21
123	542
575	181
323	1
344	4
45	458
32	166
239	7
129	546
30	170
283	1
159	564
421	26
54	129
518	506
349	5
217	588
404	19
56	126
255	596
32	166
109	69
26	422
308	1
489	68
114	535
223	589
279	599
450	559
158	564
412	22
522	501
56	474
245	6
48	462
468	52
484	536
14	390
44	144
483	537
303	599
130	53
420	574
58	123
237	7
58	477
556	456
340	597
534	113
588	384
28	426
6	359
280	1
301	599
220	11
128	55
286	1
584	204
191	21
76	499
59	478
237	593
412	22
541	122
567	164
290	599
64	485
129	54
200	582
174	28
540	120
207	15
162	34
440	35
501	78
378	11
103	74
324	1
406	20
219	12
567	436
45	142
567	436
474	56
241	6
595	354
313	599
589	220
79	98
375	590
240	593
158	36
342	597
530	108
599	276
289	599
75	498
393	585
262	3
451	41
174	28
211	586
279	599
92	84
34	438
440	35
564	158
325	598
234	8
443	37
315	599
98	521
534	487
33	164
257	596
433	568
187	577
120	540
18	402
425	28
478	59
8	368
231	591
211	586
417	24
5	354
509	515
116	536
244	6
554	141
292	599
168	569
293	1
214	587
549	467
304	1
295	1
315	1
539	481
141	46
519	95
297	599
322	1
378	589
249	595
263	597
427	571
269	2
39	447
26	422
77	100
517	507
554	459
140	47
509	515
277	1
446	38
29	428
463	49
279	599
418	575
557	146
473	55
354	5
197	19
96	81
574	422
476	542
514	90
191	579
177	27
424	27
60	120
61	119
213	587
545	127
498	525
31	432
460	553
308	599
308	1
27	424
516	508
418	575
283	1
561	153
474	544
227	590
164	33
541	478
531	491
203	17
261	3
546	471
430	30
176	27
350	595
439	35
11	220
465	50
321	599
454	43
574	178
504	519
251	5
479	540
372	591
313	1
280	1
1	276
139	47
48	462
177	573
593	364
454	557
566	162
537	483
169	31
71	107
253	596
579	190
426	572
595	354
55	473
446	562
169	31
177	573
266	2
401	582
261	3
466	549
190	21
78	99
166	568
226	590
52	468
538	118
152	560
357	594
248	595
259	597
261	3
42	147
224	590
216	588
22	412
275	2
339	597
132	52
339	3
443	563
275	2
427	571
261	597
374	10
498	525
171	30
386	587
483	63
496	73
428	29
121	60
437	34
571	428
120	60
1	276
573	424
380	589
579	410
78	99
81	505
520	97
187	577
172	571
104	73
348	596
592	232
513	89
67	112
440	565
365	8
311	1
341	3
5	246
445	38
263	3
12	216
38	446
430	570
182	25
181	575
130	547
81	505
411	22
395	16
152	40
47	461
486	65
287	599
64	115
173	571
275	2
113	66
112	533
272	598
300	0
437	34
109	531
505	519
402	18
479	540
277	599
122	541
205	16
455	556
123	542
103	526
158	564
389	14
242	594
150	559
204	584
94	82
472	55
558	453
403	19
547	470
245	6
259	3
166	32
185	577
537	117
496	73
541	122
379	589
296	599
579	410
7	364
466	549
81	505
76	499
65	114
565	160
74	103
349	595
573	176
96	81
469	53
547	130
316	599
177	27
470	53
483	537
499	524
485	64
291	599
405	581
145	556
351	5
346	4
548	132
23	415
586	210
125	57
260	3
46	459
297	599
321	599
274	2
444	563
581	405
161	565
303	599
183	576
582	402
575	419
533	112
479	60
256	596
300	600
367	592
32	166
176	573
419	25
317	599
525	102
364	7
401	582
29	428
142	555
150	559
351	5
323	1
554	459
217	12
214	587
369	9
525	102
298	1
1	324
103	526
411	22
544	474
494	72
580	193
162	566
507	517
285	1
138	552
148	42
264	3
47	139
205	16
138	48
299	599
319	599
204	16
409	21
586	210
404	581
318	599
176	573
161	565
37	444
22	412
328	598
432	569
515	509
151	560
498	75
374	590
241	594
256	4
236	593
9	372
575	181
129	54
428	571
499	76
290	599
484	64
106	528
518	506
549	133
148	42
514	90
376	10
412	578
488	533
287	599
8	232
195	581
384	588
513	89
382	12
106	72
215	13
287	599
190	579
355	6
351	5
29	172
45	458
50	135
271	2
63	117
522	501
316	1
536	485
275	598
406	20
376	590
435	567
99	522
316	599
544	126
20	193
224	10
569	432
368	8
10	224
47	139
252	596
582	198
556	144
256	596
318	599
152	40
292	1
417	576
411	22
24	417
424	27
23	415
575	419
27	424
75	498
596	348
546	471
317	599
264	597
377	589
340	597
134	549
111	532
478	541
368	592
23	185
37	156
148	558
405	581
245	6
304	1
226	10
383	588
317	1
296	599
356	6
554	141
22	188
431	569
437	566
167	568
577	415
153	561
166	32
109	69
468	548
60	120
364	593
593	236
106	528
217	12
565	160
565	160
236	593
105	73
275	2
452	558
91	515
384	588
543	475
4	348
578	188
388	14
438	34
466	549
344	596
318	1
311	599
393	585
500	523
527	104
139	47
323	1
415	577
332	2
139	553
13	213
517	507
507	83
93	83
87	89
491	69
315	599
567	436
449	40
330	598
319	1
322	1
239	7
498	75
347	596
560	151
494	528
551	464
533	488
245	6
588	216
95	519
429	30
41	149
379	589
506	82
468	52
299	599
397	17
560	151
248	5
343	596
441	564
294	1
382	12
49	136
348	596
464	551
350	5
159	36
121	540
488	533
499	76
547	470
537	117
381	12
552	462
14	210
571	428
380	11
19	195
262	3
317	1
323	1
372	591
112	533
48	138
456	44
303	1
501	78
375	590
213	587
237	7
73	104
0	300
535	114
231	9
527	104
497	74
290	1
379	589
222	11
299	599
518	94
404	19
518	506
594	241
213	587
533	112
387	13
379	589
506	82
590	376
345	596
340	597
418	25
397	17
445	562
520	97
174	572
438	566
18	402
0	300
551	464
195	581
433	32
489	532
384	588
52	468
319	1
260	3
280	1
240	7
522	99
529	493
596	348
161	35
124	542
51	467
376	590
196	581
478	59
46	141
239	593
182	25
382	12
92	84
14	210
575	419
153	561
339	597
133	549
370	591
504	81
159	564
413	577
259	597
79	98
46	459
2	334
423	573
345	596
543	125
145	556
399	583
557	454
178	26
403	19
60	480
331	598
330	2
480	540
4	252
311	599
141	554
93	517
299	599
349	5
474	544
286	1
491	531
82	94
577	415
491	69
180	574
313	599
558	453
423	573
443	37
107	71
102	525
3	258
343	4
221	11
121	60
271	2
519	505
590	224
550	135
570	170
541	478
93	517
417	24
12	216
277	599
30	170
591	228
394	16
22	188
574	178
255	596
226	10
183	24
226	590
107	71
362	593
219	588
260	597
261	597
485	64
445	38
573	424
402	18
125	57
436	33
331	598
233	592
225	10
88	512
228	591
269	2
504	519
50	465
33	436
510	514
580	407
439	565
276	599
548	132
296	1
309	599
481	539
524	499
170	30
572	426
432	31
527	496
377	589
382	588
161	565
506	518
111	532
56	474
406	20
448	40
39	447
62	118
268	2
441	36
207	585
170	570
489	532
47	461
303	1
12	384
583	201
443	37
392	585
354	595
95	81
91	85
414	577
170	570
207	15
199	582
438	34
315	1
348	4
311	1
264	597
183	576
224	10
174	28
517	93
236	7
556	144
138	552
553	139
53	470
374	590
209	15
442	564
541	478
396	16
4	348
158	564
564	442
383	588
199	582
169	31
247	595
313	1
479	540
108	530
4	348
390	14
418	25
550	465
107	71
558	453
258	3
455	44
390	14
513	511
18	198
431	569
313	599
73	496
222	11
443	37
250	595
219	588
231	9
544	126
585	393
70	108
516	508
437	34
441	564
449	40
514	510
197	19
204	584
353	595
557	146
50	465
595	246
408	21
324	599
339	3
171	30
342	3
216	12
582	198
521	502
116	536
60	120
22	412
575	419
92	84
38	446
581	405
507	83
250	5
36	158
146	43
494	72
253	596
496	73
421	26
338	3
350	595
260	3
173	571
483	537
478	541
86	90
176	27
423	573
180	26
117	63
331	598
21	190
293	599
513	89
557	454
169	31
281	599
198	582
520	503
38	446
373	10
377	11
592	232
458	45
155	38
441	36
33	164
189	578
426	28
31	432
460	47
185	23
396	16
77	100
530	108
379	11
410	21
594	241
135	50
232	8
546	471
229	9
392	15
593	236
105	527
341	597
549	133
167	568
57	475
279	599
239	593
126	56
428	29
295	1
402	582
93	517
238	7
84	92
292	599
196	581
454	557
328	598
476	542
565	160
293	599
390	14
299	599
364	7
372	591
266	2
557	146
270	598
34	162
596	348
385	13
165	33
460	47
276	599
228	9
25	181
59	122
71	493
98	79
504	519
473	545
160	35
429	30
54	129
555	142
151	560
571	428
45	458
280	1
181	575
203	17
374	10
407	580
389	14
272	598
326	2
589	220
413	23
188	578
234	8
212	14
154	38
582	402
26	422
493	529
487	66
580	193
193	20
582	402
574	178
233	592
386	587
332	598
436	567
303	1
484	536
562	154
377	589
518	506
167	568
591	372
141	46
267	598
261	3
388	14
204	16
129	54
81	505
315	1
2	334
371	591
178	26
441	564
344	4
455	44
425	572
452	558
468	548
220	589
310	599
396	584
564	442
300	600
198	18
69	491
356	6
474	56
543	475
476	542
58	477
149	41
218	588
397	583
8	368
99	78
64	485
115	536
242	594
430	30
293	1
343	4
299	599
514	90
40	151
439	35
20	193
460	553
344	4
441	36
533	112
28	426
88	88
180	574
521	98
147	558
203	583
61	119
374	590
221	589
192	579
455	44
274	2
216	588
310	599
17	201
327	598
427	571
177	27
148	558
535	486
23	185
411	578
122	59
63	117
497	74
475	57
120	540
296	599
405	581
441	36
108	70
25	181
244	594
143	45
86	510
158	564
502	79
289	599
563	444
276	1
72	494
125	57
525	498
521	98
559	149
148	42
180	574
48	138
379	589
502	79
39	447
11	380
197	581
257	596
187	23
119	61
56	474
547	130
178	574
515	509
459	46
347	4
397	583
576	183
228	591
155	562
211	14
161	35
510	514
328	2
590	224
44	144
596	252
384	588
141	46
264	3
131	53
434	32
532	490
109	69
499	76
361	7
261	3
462	48
174	28
89	513
242	594
281	1
375	590
296	599
551	136
373	10
580	193
374	590
332	598
194	580
180	26
372	591
377	589
460	553
105	527
136	551
232	592
48	462
191	21
111	68
87	89
541	478
243	6
97	80
74	103
316	599
276	1
249	5
300	600
592	368
388	586
522	99
175	572
46	141
543	125
258	3
582	198
478	541
178	26
90	514
290	1
359	6
165	567
339	597
82	506
238	7
25	181
298	599
592	232
535	486
162	566
292	599
459	554
298	1
502	79
458	45
543	475
495	73
68	110
182	575
454	43
58	123
54	471
260	597
466	51
495	73
166	568
49	464
303	1
526	103
196	19
159	564
589	220
224	590
21	190
286	1
108	70
263	597
445	38
460	553
423	573
49	136
430	570
438	566
49	136
110	532
190	579
84	92
562	446
405	19
325	598
80	503
553	461
394	16
59	122
295	599
523	500
355	594
350	595
214	13
427	29
349	5
50	135
285	1
559	451
531	491
406	20
79	502
185	577
39	153
381	12
480	540
507	517
439	35
370	591
589	220
545	127
489	532
474	56
335	3
506	82
6	359
438	34
583	399
279	599
274	598
222	589
155	562
218	588
585	393
342	597
31	168
304	599
68	110
596	252
29	428
407	580
250	5
127	545
533	112
136	49
62	118
41	451
548	468
405	581
503	80
166	32
185	23
588	216
491	69
250	595
187	23
329	2
258	3
118	62
260	597
463	551
417	576
548	132
192	21
344	596
411	578
590	376
142	45
288	599
153	561
82	506
277	599
189	22
563	156
464	551
32	434
361	7
141	46
153	561
402	582
222	589
330	2
314	1
138	48
352	5
540	120
542	123
8	232
398	583
313	599
295	599
549	133
185	577
575	419
118	62
199	582
475	543
176	573
598	266
34	162
321	599
166	568
252	4
79	502
121	540
480	540
425	28
328	598
308	599
418	25
398	583
329	2
316	1
313	599
6	359
81	95
231	591
260	3
519	505
406	580
98	521
228	9
505	81
148	42
134	51
108	530
76	101
110	68
309	599
513	511
70	492
283	1
469	547
586	210
467	51
50	465
323	599
400	582
146	43
581	195
185	23
535	114
254	4
57	125
1	324
363	7
202	17
364	7
232	592
235	8
411	578
78	501
291	599
89	513
562	154
272	598
44	456
440	565
575	419
519	505
245	6
260	597
294	599
217	588
35	440
381	588
173	571
374	10
396	584
195	19
315	599
376	10
393	585
123	542
259	597
579	190
180	574
304	599
390	586
477	58
242	6
202	583
356	594
230	591
546	471
50	465
35	440
273	598
228	591
331	598
54	129
137	551
395	584
218	588
599	276
540	120
275	598
359	594
220	589
539	119
146	43
553	461
205	584
599	276
82	94
229	9
379	11
69	491
461	47
8	232
347	596
370	9
104	73
487	534
241	6
64	115
328	598
582	402
589	220
367	592
183	24
389	586
408	579
476	58
495	73
540	120
367	592
116	64
173	571
208	585
495	73
265	3
295	599
179	26
167	568
76	101
302	599
103	526
352	5
584	396
132	548
563	156
399	17
253	4
47	139
588	216
274	598
107	71
492	70
37	444
478	59
34	162
252	596
423	573
383	12
160	35
289	1
1	276
472	545
114	65
593	364
432	569
398	17
56	126
314	599
23	415
88	512
469	53
372	9
32	166
569	168
309	1
42	147
489	68
572	174
45	142
592	232
120	540
199	18
374	10
101	524
167	32
568	166
426	28
554	141
32	166
378	11
461	47
322	1
24	417
169	31
364	7
479	540
312	1
385	13
257	596
467	549
207	585
370	9
92	516
68	110
457	45
398	17
219	12
501	78
122	541
137	551
587	387
59	122
75	102
496	527
243	6
109	69
468	52
306	1
480	60
323	1
23	185
505	81
139	553
384	12
75	102
193	20
44	144
520	97
510	514
440	35
538	482
426	572
162	34
596	348
40	449
374	10
288	599
552	462
458	555
239	593
119	539
366	592
229	591
145	44
101	76
365	8
218	588
35	440
28	426
420	574
450	41
462	552
494	72
381	12
515	509
589	220
161	565
435	567
497	526
539	119
116	64
451	559
269	2
119	61
239	7
294	1
17	201
26	178
191	21
565	160
186	23
582	198
407	580
307	599
564	158
257	4
534	487
54	471
33	436
272	598
31	432
558	147
210	586
556	456
516	92
252	596
419	575
591	228
147	42
412	578
339	597
231	9
25	181
267	2
577	185
98	79
336	3
328	598
200	18
248	5
124	58
598	334
171	30
180	574
353	595
24	183
585	393
514	90
247	5
76	101
209	585
450	559
198	582
360	593
247	5
299	599
178	26
160	35
597	342
592	232
279	599
269	598
218	12
166	32
549	467
286	599
198	582
491	531
60	120
483	63
235	592
128	55
257	596
4	252
205	584
64	115
463	551
294	599
498	75
358	6
302	599
397	17
163	566
410	21
408	579
235	8
592	232
532	110
366	8
599	324
488	67
175	28
38	446
478	541
534	113
463	49
280	599
494	72
468	548
451	41
388	586
533	112
579	410
371	9
133	51
478	541
488	67
450	559
360	7
163	566
553	139
28	174
245	594
187	577
597	258
297	599
4	348
141	554
447	39
256	596
225	590
451	559
547	470
292	599
577	185
256	596
271	2
418	575
122	541
522	501
187	577
385	587
262	597
56	126
329	598
440	35
152	560
67	488
461	47
58	477
308	599
425	572
85	91
197	19
563	156
533	112
281	599
502	79
508	516
504	519
532	110
30	170
12	216
571	428
448	560
128	545
142	555
298	599
6	359
192	579
283	1
370	9
187	23
524	101
163	566
418	25
324	599
502	79
66	113
101	76
258	597
312	599
323	1
359	594
470	547
23	415
456	44
267	2
270	2
384	588
295	599
259	3
381	12
14	210
277	1
591	372
543	475
393	15
7	364
211	14
249	595
527	104
428	571
582	198
485	64
86	90
540	120
213	587
307	1
95	81
139	47
156	563
425	572
221	589
214	13
220	11
580	407
355	6
84	92
141	46
508	516
193	580
173	29
550	135
379	11
48	462
102	75
535	486
174	28
40	151
251	595
229	591
186	577
352	5
443	37
390	14
551	464
110	532
504	519
488	67
56	126
426	572
315	1
526	103
441	36
47	461
275	2
210	586
79	98
266	2
247	5
547	130
171	570
104	527
391	585
449	40
327	2
164	567
54	129
155	38
22	188
62	482
322	1
327	598
352	5
28	174
522	99
426	572
411	578
500	523
431	569
539	119
563	444
487	66
3	258
412	578
162	566
280	1
596	348
592	368
248	5
283	1
113	66
262	597
299	599
374	10
347	4
124	542
448	40
386	13
389	14
412	22
384	588
90	514
148	42
42	453
179	574
74	103
304	599
587	387
176	27
81	95
232	8
214	13
538	482
215	587
313	1
111	532
76	499
119	539
336	3
383	12
501	522
485	64
426	572
380	11
13	387
553	461
267	598
543	475
485	64
530	492
195	581
128	55
195	19
364	593
314	1
228	591
459	46
186	23
373	590
415	577
222	589
267	598
542	477
394	584
30	430
88	512
31	168
533	488
207	15
468	52
103	74
149	559
240	7
274	2
563	444
55	473
415	23
458	555
133	51
154	38
328	2
469	53
9	228
465	50
142	555
555	458
450	41
406	580
568	434
148	42
233	8
40	151
197	19
3	258
350	5
317	1
288	599
60	120
468	52
216	588
52	468
55	127
105	73
316	1
592	232
241	6
547	130
190	21
491	531
18	402
443	37
22	412
336	3
105	527
245	6
238	7
355	594
426	572
294	1
529	107
194	580
16	396
436	33
197	19
573	424
250	5
209	585
577	185
558	147
177	27
56	126
167	568
265	597
192	21
406	20
146	43
396	16
355	594
497	526
305	599
232	592
560	151
468	548
82	506
445	38
272	598
81	95
567	436
89	513
454	43
340	3
259	3
90	86
110	532
566	438
526	103
383	588
439	35
112	533
580	407
386	13
249	595
291	1
202	583
312	599
223	589
350	595
217	588
358	594
62	482
175	572
216	12
454	557
243	594
424	573
357	594
112	533
169	569
403	19
20	193
249	595
480	60
38	154
70	492
582	402
318	599
56	474
19	405
185	23
450	41
465	50
520	503
123	542
475	57
541	122
513	89
184	576
413	577
89	513
584	204
470	53
395	16
132	52
115	64
453	42
365	8
119	61
577	185
487	534
300	600
37	156
389	14
41	451
161	35
563	444
593	236
40	151
17	201
440	35
212	14
293	599
243	6
582	402
500	523
153	39
295	1
7	236
332	598
272	598
8	232
40	151
223	11
426	572
155	562
296	1
274	598
253	596
366	8
241	594
325	2
300	600
521	98
502	521
210	14
378	589
79	98
83	507
436	567
367	8
197	581
248	5
529	107
353	595
42	453
494	72
344	4
236	7
253	4
71	107
523	100
514	510
18	198
185	577
566	162
331	598
340	597
556	144
309	599
278	599
564	442
127	55
385	13
149	41
112	67
118	62
508	84
461	47
436	567
310	1
15	393
491	531
316	599
183	576
371	9
151	560
559	451
361	593
36	442
252	596
109	69
375	590
375	590
86	510
538	118
246	595
589	220
546	129
200	582
550	465
53	470
72	106
384	588
383	588
254	4
116	536
201	583
349	5
1	276
584	396
575	419
349	5
147	558
276	599
493	529
589	220
424	27
318	599
498	525
63	483
57	125
217	588
528	106
493	71
510	514
178	574
456	44
318	599
148	558
245	6
494	528
536	115
192	579
260	597
522	99
379	11
74	103
320	1
453	42
164	33
11	220
269	2
352	5
110	68
550	135
2	266
584	396
106	72
522	99
206	16
596	348
232	8
509	515
460	553
476	542
387	587
458	45
559	149
108	70
17	201
4	252
14	390
566	162
360	593
568	166
33	436
43	454
442	564
519	505
465	50
570	170
217	12
192	21
539	119
543	125
91	515
314	1
437	566
509	85
510	86
96	81
223	11
412	22
364	593
410	21
51	467
227	590
352	595
290	1
126	56
206	16
39	153
35	440
20	407
336	3
48	138
140	553
30	170
418	25
20	193
243	594
327	598
18	402
389	14
434	32
114	65
124	542
18	402
133	51
94	518
244	594
41	451
490	68
90	514
289	1
92	516
407	20
472	55
236	593
52	132
166	568
405	581
14	210
280	599
83	507
135	550
93	83
191	579
260	597
461	47
151	40
305	599
0	300
506	518
588	384
585	207
96	81
226	10
415	23
437	566
241	6
235	8
182	25
428	571
48	138
85	509
125	57
302	1
91	85
306	1
119	61
384	12
142	45
262	597
156	37
21	410
491	531
583	201
155	38
517	93
160	565
453	558
49	464
521	98
269	598
507	517
296	599
596	348
83	93
532	490
33	164
251	595
69	109
550	465
593	364
181	25
450	559
538	482
447	561
348	4
336	597
529	107
356	6
490	68
242	594
528	106
121	540
172	571
371	9
436	567
308	1
314	599
152	560
198	582
363	593
580	407
290	599
512	88
182	575
374	590
377	589
398	17
305	599
572	174
369	591
382	588
263	597
142	45
528	106
599	324
511	513
333	2
37	444
541	478
139	47
51	467
51	133
43	146
332	598
287	599
579	190
239	7
422	26
110	532
437	34
441	36
82	94
483	537
463	49
427	571
78	501
383	12
219	12
354	595
150	41
536	485
133	51
187	577
431	569
14	210
130	547
102	75
262	3
153	561
323	599
70	492
308	1
468	548
95	519
111	68
492	70
381	588
147	42
326	2
419	575
122	541
341	597
324	599
255	4
252	4
276	1
91	85
184	24
287	599
18	402
238	7
474	544
232	8
194	20
229	9
144	44
421	574
49	464
166	568
194	20
304	1
376	590
533	488
319	1
332	2
416	576
156	563
323	599
413	577
428	29
235	592
218	12
268	2
138	48
121	540
362	7
217	12
218	12
440	565
53	470
366	8
564	158
84	508
316	599
538	118
70	492
268	598
236	593
219	588