0	496
0	136
0	155
0	31
0	444
0	122
0	86
0	206
0	74
0	288
0	275
0	89
0	115
0	68
0	380
0	555
0	396
0	67
0	246
0	492
0	243
0	105
0	507
0	108
0	316
0	234
0	593
0	594
0	361
0	396
0	73
0	433
0	488
0	479
0	338
0	412
0	230
0	597
0	364
0	390
0	417
0	396
0	8
0	336
0	52
0	197
0	508
0	24
0	547
0	144
0	413
0	58
0	270
0	142
0	133
0	6
0	427
0	258
0	60
0	110
0	572
0	53
0	562
0	185
0	127
0	318
0	298
0	585
0	12
0	274
0	378
0	470
0	137
0	501
0	432
0	421
0	33
0	205
0	207
0	184
0	372
0	246
0	367
0	67
0	256
0	48
0	2
0	576
0	565
0	386
0	98
0	296
0	93
0	169
0	416
0	583
0	26
0	217
0	527
0	586
0	498
0	374
0	503
0	568
0	406
0	567
0	206
0	466
0	40
0	208
0	520
0	105
0	99
0	427
0	471
0	114
0	572
0	259
0	455
0	568
0	85
0	532
0	208
0	158
0	339
0	90
0	462
0	559
0	405
0	340
0	141
0	316
0	253
0	260
0	501
0	169
0	507
0	519
0	85
0	461
0	549
0	163
0	364
0	189
0	587
0	194
0	163
0	316
0	406
0	458
0	127
0	48
0	209
0	470
0	242
0	475
0	327
0	52
0	1
0	132
0	540
0	51
0	24
0	35
0	288
0	497
0	33
0	598
0	558
0	431
0	387
0	90
0	234
0	226
0	567
0	97
0	329
0	583
0	534
0	356
0	443
0	34
0	287
0	125
0	323
0	162
0	428
0	36
0	487
0	317
0	580
0	332
0	538
0	75
0	348
0	481
0	79
0	41
0	566
0	217
0	153
0	469
0	347
0	92
0	85
0	529
0	124
0	81
0	481
0	550
0	500
0	14
0	206
0	406
0	466
0	187
0	304
0	502
0	507
0	260
0	278
0	334
0	220
0	337
0	61
0	359
0	92
0	356
0	119
0	184
0	584
0	575
0	25
0	308
0	273
0	463
0	194
0	395
0	464
0	577
0	6
0	588
0	113
0	31
0	259
0	12
0	493
0	326
0	380
0	29
0	457
0	304
0	16
0	230
0	92
0	57
0	383
0	563
0	22
0	192
0	395
0	153
0	444
0	244
0	17
0	456
0	233
0	576
0	267
0	533
0	334
0	188
0	118
0	307
0	377
0	314
0	102
0	406
0	315
0	266
0	122
0	43
0	92
0	162
0	474
0	591
0	305
0	590
0	29
0	283
0	421
0	584
0	71
0	105
0	294
0	388
0	447
0	245
0	22
0	26
0	62
0	259
0	355
0	368
0	523
0	497
0	48
0	571
0	572
0	264
0	537
0	3
0	71
0	525
0	30
0	73
0	159
0	502
0	199
0	69
0	162
0	307
0	238
0	48
0	359
0	219
0	545
0	218
0	253
0	144
0	494
0	17
0	534
0	96
0	594
0	440
0	106
0	553
0	338
0	543
0	200
0	568
0	331
0	485
0	191
0	37
0	508
0	582
0	387
0	463
0	137
0	234
0	300
0	216
0	91
0	5
0	480
0	340
0	26
0	356
0	544
0	179
0	100
0	322
0	527
0	73
0	47
0	167
0	423
0	319
0	419
0	194
0	318
0	575
0	180
0	435
0	150
0	121
0	595
0	248
0	91
0	197
0	155
0	585
0	221
0	444
0	129
0	386
0	413
0	376
0	180
0	357
0	155
0	324
0	596
0	65
0	510
0	369
0	504
0	467
0	350
0	367
0	247
0	375
0	483
0	124
0	32
0	507
0	344
0	444
0	205
0	432
0	401
0	133
0	170
0	230
0	562
0	53
0	340
0	299
0	234
0	186
0	324
0	192
0	12
0	446
0	18
0	496
0	110
0	334
0	63
0	222
0	266
0	333
0	27
0	282
0	218
0	537
0	548
0	303
0	440
0	450
0	272
0	532
0	276
0	330
0	538
0	93
0	6
0	262
0	248
0	245
0	307
0	23
0	525
0	162
0	333
0	277
0	362
0	382
0	547
0	593
0	224
0	77
0	352
0	285
0	17
0	496
0	207
0	499
0	540
0	20
0	364
0	63
0	270
0	367
0	157
0	393
0	118
0	282
0	487
0	235
0	521
0	324
0	5
0	275
0	92
0	352
0	435
0	5
0	241
0	388
0	58
0	225
0	504
0	492
0	476
0	252
0	334
0	204
0	102
0	222
0	219
0	135
0	558
0	143
0	437
0	590
0	9
0	454
0	546
0	216
0	215
0	432
0	139
0	138
0	219
0	561
0	517
0	420
0	66
0	507
0	585
0	376
0	525
0	80
0	346
0	31
0	194
0	133
0	558
0	506
0	204
0	61
0	494
0	490
0	322
0	198
0	288
0	596
0	53
0	53
0	108
0	597
0	411
0	217
0	275
0	365
0	265
0	14
0	531
0	179
0	110
0	25
0	191
0	397
0	546
0	219
0	483
0	450
0	133
0	172
0	365
0	375
0	484
0	597
0	352
0	186
0	46
0	337
0	10
0	478
0	277
0	161
0	309
0	3
0	47
0	219
0	67
0	489
0	340
0	222
0	26
0	361
0	42
0	485
0	191
0	344
0	261
0	541
0	127
0	81
0	98
0	509
0	488
0	14
0	234
0	225
0	310
0	531
0	204
0	43
0	473
0	23
0	371
0	207
0	532
0	79
0	7
0	208
0	272
0	169
0	143
0	172
0	39
0	530
0	284
0	546
0	85
0	308
0	104
0	387
0	561
0	408
0	149
0	92
0	225
0	500
0	579
0	566
0	347
0	161
0	305
0	384
0	168
0	35
0	125
0	330
0	346
0	198
0	62
0	182
0	255
0	129
0	118
0	333
0	238
0	226
0	246
0	404
0	381
0	582
0	385
0	33
0	77
0	483
0	554
0	133
0	253
0	204
0	330
0	72
0	244
0	304
0	105
0	332
0	435
0	583
0	486
0	335
0	382
0	106
0	401
0	104
0	58
0	510
0	310
0	597
0	26
0	292
0	156
0	119
0	68
0	529
0	387
0	243
0	296
0	149
0	581
0	53
0	577
0	162
0	27
0	419
0	364
0	163
0	456
0	35
0	253
0	590
0	154
0	298
0	305
0	456
0	276
0	554
0	350
0	211
0	385
0	15
0	151
0	158
0	364
0	151
0	524
0	97
0	35
0	428
0	86
0	252
0	89
0	223
0	319
0	163
0	226
0	578
0	0
0	312
0	241
0	41
0	60
0	173
0	526
0	598
0	234
0	164
0	315
0	241
0	520
0	237
0	421
0	184
0	90
0	387
0	88
0	512
0	66
0	243
0	235
0	368
0	266
0	538
0	27
0	223
0	29
0	386
0	52
0	490
0	547
0	593
0	289
0	379
0	307
0	119
0	204
0	152
0	547
0	153
0	338
0	271
0	186
0	335
0	310
0	284
0	527
0	190
0	461
0	287
0	3
0	450
0	97
0	125
0	73
0	156
0	471
0	561
0	5
0	220
0	508
0	254
0	386
0	12
0	20
0	75
0	582
0	200
0	515
0	548
0	592
0	85
0	52
0	322
0	210
0	133
0	526
0	110
0	201
0	252
0	127
0	215
0	449
0	171
0	65
0	429
0	390
0	215
0	177
0	569
0	293
0	60
0	166
0	235
0	368
0	483
0	366
0	199
0	113
0	485
0	228
0	558
0	310
0	59
0	590
0	532
0	18
0	132
0	259
0	163
0	317
0	266
0	506
0	140
0	105
0	193
0	477
0	397
0	541
0	301
0	316
0	283
0	255
0	351
0	438
0	13
0	242
0	35
0	379
0	386
0	96
0	137
0	445
0	9
0	456
0	310
0	524
0	491
0	432
0	279
0	272
0	479
0	214
0	538
0	393
0	370
0	360
0	545
0	299
0	336
0	468
0	483
0	374
0	68
0	1
0	360
0	433
0	319
0	532
0	152
0	382
0	232
0	599
0	169
0	449
0	281
0	75
0	380
0	338
0	450
0	263
0	163
0	314
0	365
0	41
0	49
0	410
0	261
0	440
0	373
0	270
0	75
0	204
0	229
0	153
0	438
0	254
0	235
0	522
0	574
0	465
0	334
0	276
0	278
0	306
0	56
0	548
0	468
0	43
0	15
0	11
0	126
0	146
0	283
0	451
0	130
0	9
0	547
0	383
0	257
0	599
0	300
0	291
0	26
0	236
0	486
0	146
0	87
0	225
0	253
0	110
0	270
0	342
0	33
0	145
0	54
0	309
0	234
0	507
0	4
0	443
0	461
0	573
0	81
0	7
0	283
0	369
0	425
0	483
0	468
0	541
0	99
0	192
0	311
0	4
0	272
0	62
0	596
0	260
0	394
0	512
0	345
0	303
0	202
0	118
0	573
0	97
0	70
0	460
0	300
0	96
0	69
0	24
0	176
0	106
0	592
0	321
0	376
0	584
0	64
0	98
0	112
0	479
0	198
0	334
0	172
0	527
0	202
0	182
0	162
0	237
0	91
0	374
0	211
0	539
0	575
0	173
0	542
0	23
0	465
0	475
0	234
0	249
0	101
0	429
0	541
0	222
0	56
0	379
0	365
0	274
0	264
0	491
0	202
0	138
0	173
0	71
0	527
0	584
0	300
0	457
0	347
0	15
0	470
0	366
0	24
0	213
0	401
0	280
0	599
0	289
0	459
0	30
0	38
0	42
0	230
0	470
0	384
0	103
0	516
0	171
0	167
0	573
0	320
0	282
0	72
0	171
0	310
0	53
0	163
0	73
0	241
0	370
0	245
0	263
0	392
0	350
0	268
0	58
0	227
0	75
0	582
0	377
0	96
0	217
0	190
0	398
0	36
0	121
0	597
0	543
0	136
0	172
0	81
0	540
0	42
0	466
0	404
0	196
0	173
0	190
0	532
0	56
0	102
0	222
0	258
0	537
0	427
0	81
0	449
0	437
0	514
0	481
0	61
0	180
0	12
0	456
0	422
0	48
0	269
0	127
0	40
0	267
0	304
0	386
0	407
0	228
0	475
0	79
0	556
0	401
0	492
0	501
0	263
0	504
0	207
0	233
0	103
0	272
0	469
0	555
0	14
0	522
0	90
0	119
0	346
0	405
0	475
0	96
0	97
0	511
0	130
0	391
0	164
0	199
0	568
0	49
0	6
0	175
0	342
0	518
0	162
0	0
0	312
0	597
0	95
0	37
0	55
0	14
0	289
0	425
0	513
0	32
0	484
0	141
0	246
0	72
0	47
0	434
0	562
0	371
0	67
0	108
0	394
0	474
0	431
0	455
0	549
0	285
0	474
0	283
0	505
0	315
0	291
0	307
0	158
0	364
0	496
0	276
0	379
0	217
0	258
0	377
0	307
0	228
0	537
0	27
0	515
0	561
0	529
0	589
0	204
0	174
0	353
0	77
0	567
0	287
0	147
0	287
0	258
0	537
0	485
0	115
0	261
0	81
0	131
0	191
0	105
0	69
0	103
0	504
0	78
0	431
0	55
0	177
0	479
0	379
0	168
0	158
0	293
0	342
0	332
0	59
0	364
0	557
0	374
0	541
0	150
0	168
0	206
0	450
0	274
0	227
0	165
0	508
0	153
0	516
0	566
0	136
0	133
0	124
0	207
0	77
0	446
0	412
0	596
0	88
0	234
0	377
0	334
0	421
0	295
0	177
0	220
0	367
0	48
0	5
0	550
0	256
0	483
0	65
0	130
0	21
0	163
0	206
0	342
0	217
0	311
0	361
0	392
0	330
0	430
0	317
0	197
0	432
0	109
0	27
0	348
0	41
0	414
0	570
0	598
0	449
0	238
0	1
0	453
0	175
0	124
0	344
0	334
0	43
0	337
0	191
0	380
0	252
0	0
0	86
0	299
0	446
0	364
0	36
0	165
0	168
0	520
0	164
0	492
0	83
0	263
0	465
0	421
0	319
0	241
0	290
0	381
0	200
0	38
0	408
0	491
0	405
0	194
0	220
0	338
0	97
0	109
0	349
0	361
0	450
0	486
0	247
0	80
0	527
0	331
0	360
0	201
0	575
0	496
0	261
0	513
0	524
0	481
0	305
0	290
0	119
0	574
0	349
0	182
0	453
0	2
0	82
0	418
0	102
0	423
0	507
0	292
0	102
0	435
0	312
0	339
0	157
0	87
0	590
0	338
0	489
0	281
0	218
0	0
0	355
0	80
0	60
0	311
0	375
0	359
0	224
0	134
0	141
0	289
0	599
0	509
0	84
0	55
0	596
0	597
0	486
0	112
0	435
0	218
0	151
0	430
0	500
0	127
0	463
0	433
0	261
0	276
0	359
0	522
0	453
0	13
0	488
0	334
0	309
0	194
0	222
0	181
0	449
0	431
0	492
0	486
0	76
0	407
0	578
0	313
0	58
0	298
0	457
0	128
0	166
0	112
0	78
0	387
0	316
0	304
0	61
0	62
0	417
0	10
0	213
0	57
0	294
0	62
0	473
0	357
0	404
0	479
0	519
0	326
0	145
0	359
0	473
0	153
0	152
0	63
0	2
0	315
0	223
0	155
0	570
0	83
0	66
0	401
0	458
0	453
0	244
0	268
0	427
0	444
0	222
0	193
0	168
0	275
0	32
0	69
0	324
0	169
0	405
0	409
0	358
0	503
0	99
0	163
0	297
0	470
0	215
0	514
0	184
0	90
0	95
0	86
0	406
0	133
0	177
0	113
0	348
0	209
0	482
0	22
0	356
0	286
0	16
0	117
0	306
0	468
0	224
0	551
0	331
0	390
0	468
0	20
0	165
0	307
0	348
0	303
0	214
0	114
0	413
0	555
0	432
0	201
0	176
0	317
0	105
0	146
0	257
0	117
0	305
0	539
0	63
0	386
0	421
0	376
0	291
0	448
0	305
0	543
0	274
0	89
0	507
0	256
0	37
0	325
0	338
0	23
0	256
0	359
0	28
0	256
0	279
0	335
0	31
0	485
0	211
0	597
0	447
0	455
0	452
0	224
0	102
0	47
0	241
0	555
0	26
0	111
0	324
0	120
0	337
0	106
0	121
0	389
0	239
0	172
0	60
0	128
0	104
0	495
0	105
0	63
0	385
0	212
0	359
0	328
0	64
0	234
0	542
0	370
0	252
0	142
0	280
0	455
0	319
0	552
0	412
0	118
0	599
0	101
0	453
0	209
0	284
0	382
0	297
0	432
0	165
0	468
0	557
0	368
0	171
0	487
0	126
0	3
0	135
0	178
0	186
0	501
0	255
0	540
0	53
0	400
0	331
0	493
0	216
0	285
0	566
0	554
0	179
0	40
0	160
0	568
0	51
0	126
0	320
0	74
0	471
0	566
0	511
0	374
0	508
0	193
0	80
0	210
0	73
0	543
0	11
0	574
0	245
0	351
0	417
0	62
0	11
0	539
0	433
0	287
0	279
0	190
0	449
0	11
0	523
0	235
0	296
0	19
0	355
0	387
0	0
0	448
0	399
0	522
0	66
0	205
0	110
0	415
0	538
0	253
0	318
0	207
0	1
0	76
0	586
0	100
0	384
0	197
0	421
0	103
0	218
0	0
0	467
0	223
0	323
0	485
0	119
0	564
0	565
0	58
0	47
0	53
0	89
0	236
0	372
0	394
0	202
0	229
0	341
0	287
0	277
0	219
0	442
0	246
0	132
0	145
0	134
0	256
0	426
0	212
0	398
0	599
0	74
0	252
0	599
0	595
0	504
0	61
0	140
0	31
0	473
0	281
0	12
0	599
0	166
0	275
0	250
0	329
0	378
0	19
0	286
0	421
0	477
0	9
0	545
0	66
0	26
0	8
0	294
0	414
0	35
0	192
0	83
0	201
0	436
0	120
0	399
0	39
0	13
0	534
0	558
0	536
0	64
0	252
0	239
0	238
0	395
0	553
0	182
0	122
0	72
0	497
0	46
0	268
0	215
0	379
0	166
0	173
0	349
0	229
0	244
0	250
0	437
0	197
0	512
0	519
0	229
0	142
0	151
0	62
0	92
0	157
0	215
0	43
0	288
0	72
0	34
0	93
0	460
0	90
0	404
0	59
0	142
0	581
0	175
0	48
0	38
0	36
0	446
0	396
0	162
0	580
0	38
0	345
0	158
0	487
0	368
0	143
0	97
0	228
0	35
0	300
0	28
0	214
0	54
0	292
0	139
0	15
0	283
0	224
0	262
0	401
0	39
0	214
0	513
0	505
0	78
0	589
0	102
0	497
0	20
0	579
0	573
0	353
0	390
0	190
0	66
0	545
0	255
0	451
0	452
0	517
0	222
0	366
0	134
0	460
0	517
0	430
0	318
0	215
0	244
0	284
0	491
0	515
0	564
0	576
0	436
0	491
0	584
0	312
0	292
0	54
0	573
0	79
0	81
0	280
0	114
0	229
0	459
0	431
0	2
0	56
0	282
0	453
0	278
0	359
0	336
0	572
0	152
0	495
0	493
0	427
0	179
0	244
0	2
0	332
0	182
0	86
0	341
0	446
0	47
0	533
0	155
0	94
0	308
0	402
0	187
0	86
0	404
0	155
0	463
0	231
0	525
0	426
0	494
0	440
0	414
0	20
0	85
0	538
0	84
0	57
0	324
0	479
0	539
0	501
0	420
0	399
0	562
0	170
0	142
0	223
0	273
0	191
0	511
0	366
0	390
0	153
0	39
0	541
0	562
0	548
0	321
0	27
0	131
0	525
0	141
0	178
0	578
0	368
0	153
0	81
0	157
0	266
0	366
0	391
0	183
0	394
0	47
0	369
0	139
0	65
0	484
0	496
0	40
0	434
0	284
0	578
0	254
0	543
0	433
0	19
0	319
0	154
0	453
0	480
0	80
0	589
0	243
0	119
0	222
0	175
0	121
0	590
0	126
0	452
0	217
0	351
0	77
0	55
0	398
0	13
0	214
0	230
0	131
0	351
0	2
0	587
0	55
0	413
0	425
0	442
0	413
0	139
0	550
0	51
0	248
0	265
0	33
0	358
0	404
0	556
0	143
0	62
0	487
0	389
0	12
0	100
0	383
0	468
0	320
0	177
0	189
0	289
0	430
0	199
0	302
0	182
0	337
0	45
0	235
0	444
0	18
0	21
0	430
0	513
0	149
0	131
0	133
0	531
0	418
0	116
0	403
0	292
0	55
0	384
0	233
0	185
0	98
0	510
0	12
0	433
0	363
0	307
0	560
0	47
0	160
0	359
0	547
0	523
0	35
0	164
0	316
0	507
0	342
0	435
0	90
0	433
0	423
0	301
0	464
0	362
0	62
0	179
0	190
0	475
0	83
0	66
0	595
0	87
0	548
0	278
0	190
0	561
0	52
0	258
0	388
0	99
0	584
0	138
0	564
0	329
0	371
0	445
0	191
0	173
0	81
0	274
0	299
0	560
0	504
0	381
0	118
0	105
0	170
0	270
0	519
0	29
0	487
0	479
0	544
0	91
0	216
0	32
0	583
0	570
0	518
0	105
0	396
0	178
0	201
0	267
0	126
0	268
0	516
0	443
0	38
0	351
0	382
0	220
0	277
0	400
0	451
0	224
0	377
0	117
0	41
0	19
0	10
0	342
0	359
0	500
0	139
0	80
0	111
0	216
0	525
0	536
0	373
0	132
0	293
0	40
0	599
0	575
0	477
0	97
0	100
0	259
0	199
0	5
0	473
0	390
0	254
0	95
0	494
0	289
0	127
0	250
0	400
0	292
0	157
0	250
0	455
0	171
0	571
0	547
0	175
0	354
0	473
0	85
0	77
0	32
0	466
0	545
0	519
0	251
0	148
0	186
0	494
0	256
0	294
0	210
0	495
0	445
0	176
0	184
0	20
0	125
0	108
0	531
0	18
0	294
0	394
0	486
0	92
0	347
0	377
0	32
0	564
0	337
0	530
0	518
0	401
0	553
0	158
0	288
0	405
0	249
0	240
0	365
0	101
0	454
0	149
0	355
0	340
0	147
0	448
0	239
0	465
0	223
0	458
0	229
0	380
0	237
0	71
0	157
0	328
0	341
0	115
0	26
0	578
0	403
0	75
0	32
0	151
0	177
0	288
0	489
0	132
0	230
0	85
0	181
0	23
0	314
0	266
0	348
0	19
0	181
0	258
0	216
0	297
0	411
0	479
0	444
0	1
0	110
0	470
0	211
0	80
0	48
0	244
0	206
0	243
0	50
0	599
0	494
0	2
0	278
0	153
0	178
0	192
0	454
0	511
0	77
0	575
0	488
0	73
0	472
0	344
0	598
0	202
0	488
0	40
0	342
0	534
0	347
0	454
0	395
0	307
0	316
0	441
0	269
0	360
0	568
0	22
0	12
0	275
0	396
0	238
0	148
0	239
0	165
0	438
0	189
0	34
0	332
0	425
0	346
0	500
0	116
0	128
0	60
0	163
0	537
0	594
0	91
0	68
0	511
0	430
0	24
0	364
0	76
0	501
0	234
0	260
0	491
0	493
0	251
0	115
0	534
0	303
0	230
0	357
0	591
0	338
0	479
0	121
0	363
0	449
0	214
0	585
0	579
0	151
0	490
0	250
0	473
0	363
0	23
0	164
0	563
0	598
0	427
0	139
0	119
0	329
0	154
0	483
0	324
0	516
0	492
0	210
0	584
0	505
0	160
0	320
0	139
0	247
0	136
0	74
0	295
0	147
0	136
0	123
0	179
0	336
0	4
0	459
0	235
0	263
0	165
0	170
0	581
0	434
0	367
0	501
0	570
0	394
0	10
0	97
0	118
0	136
0	379
0	118
0	110
0	384
0	495
0	426
0	494
0	178
0	435
0	519
0	205
0	515
0	123
0	470
0	149
0	16
0	189
0	170
0	82
0	130
0	233
0	210
0	431
0	461
0	192
0	54
0	95
0	442
0	157
0	419
0	63
0	93
0	76
0	81
0	45
0	537
0	590
0	569
0	236
0	102
0	78
0	332
0	208
0	205
0	331
0	207
0	368
0	130
0	338
0	259
0	501
0	176
0	144
0	472
0	141
0	483
0	433
0	498
0	220
0	479
0	0
0	508
0	152
0	494
0	435
0	376
0	160
0	86
0	377
0	536
0	104
0	192
0	219
0	271
0	283
0	165
0	565
0	9
0	326
0	35
0	464
0	593
0	341
0	549
0	341
0	73
0	204
0	329
0	47
0	556
0	140
0	451
0	262
0	256
0	48
0	87
0	316
0	527
0	531
0	36
0	237
260	0
208	0
340	0
56	0
130	0
300	0
327	0
516	0
320	0
596	0
135	0
161	0
249	0
47	0
62	0
485	0
352	0
568	0
371	0
327	0
161	0
339	0
276	0
451	0
259	0
593	0
29	0
362	0
569	0
418	0
407	0
526	0
104	0
213	0
564	0
327	0
570	0
519	0
287	0
13	0
17	0
574	0
464	0
530	0
103	0
208	0
349	0
459	0
442	0
437	0
420	0
339	0
133	0
205	0
84	0
276	0
73	0
160	0
332	0
395	0
180	0
393	0
499	0
190	0
40	0
510	0
23	0
85	0
203	0
142	0
409	0
587	0
118	0
63	0
77	0
263	0
95	0
323	0
343	0
419	0
122	0
310	0
593	0
232	0
428	0
559	0
497	0
428	0
599	0
392	0
287	0
297	0
186	0
396	0
245	0
443	0
312	0
61	0
583	0
574	0
161	0
95	0
137	0
466	0
405	0
76	0
544	0
316	0
380	0
36	0
416	0
474	0
243	0
368	0
509	0
538	0
234	0
259	0
574	0
80	0
361	0
447	0
115	0
66	0
407	0
376	0
239	0
73	0
349	0
398	0
288	0
470	0
575	0
20	0
435	0
551	0
562	0
64	0
581	0
429	0
340	0
359	0
5	0
107	0
492	0
142	0
45	0
277	0
482	0
255	0
590	0
514	0
361	0
422	0
259	0
272	0
441	0
415	0
318	0
259	0
465	0
87	0
375	0
345	0
378	0
475	0
268	0
29	0
351	0
352	0
337	0
134	0
25	0
240	0
576	0
27	0
318	0
158	0
388	0
205	0
57	0
590	0
447	0
49	0
581	0
180	0
292	0
176	0
187	0
135	0
39	0
285	0
595	0
514	0
208	0
227	0
166	0
255	0
166	0
489	0
490	0
520	0
504	0
282	0
375	0
427	0
510	0
261	0
255	0
289	0
335	0
230	0
563	0
404	0
500	0
95	0
248	0
67	0
265	0
391	0
544	0
291	0
332	0
500	0
276	0
43	0
198	0
344	0
295	0
140	0
502	0
254	0
526	0
443	0
437	0
119	0
20	0
133	0
308	0
365	0
506	0
278	0
337	0
356	0
404	0
597	0
361	0
568	0
262	0
72	0
223	0
175	0
525	0
47	0
298	0
371	0
578	0
120	0
37	0
11	0
385	0
422	0
472	0
8	0
208	0
494	0
100	0
464	0
130	0
41	0
492	0
208	0
20	0
455	0
303	0
98	0
463	0
134	0
42	0
232	0
124	0
430	0
177	0
252	0
78	0
440	0
78	0
295	0
304	0
411	0
378	0
306	0
239	0
346	0
353	0
132	0
546	0
93	0
379	0
224	0
31	0
514	0
188	0
194	0
535	0
33	0
244	0
86	0
545	0
121	0
162	0
396	0
388	0
266	0
412	0
324	0
566	0
512	0
162	0
91	0
154	0
360	0
385	0
575	0
502	0
370	0
307	0
141	0
138	0
220	0
443	0
404	0
509	0
543	0
94	0
197	0
313	0
263	0
13	0
82	0
566	0
452	0
591	0
528	0
413	0
440	0
228	0
506	0
514	0
349	0
268	0
467	0
365	0
84	0
37	0
432	0
362	0
180	0
275	0
120	0
220	0
366	0
10	0
576	0
256	0
137	0
304	0
143	0
37	0
334	0
6	0
475	0
202	0
2	0
52	0
143	0
568	0
371	0
12	0
338	0
79	0
337	0
238	0
156	0
340	0
19	0
563	0
511	0
287	0
531	0
14	0
80	0
34	0
423	0
348	0
217	0
598	0
285	0
428	0
588	0
200	0
66	0
394	0
461	0
561	0
127	0
477	0
413	0
19	0
24	0
424	0
151	0
158	0
458	0
318	0
465	0
539	0
121	0
310	0
473	0
176	0
139	0
502	0
49	0
26	0
445	0
300	0
513	0
281	0
23	0
504	0
415	0
565	0
430	0
373	0
437	0
478	0
151	0
118	0
415	0
249	0
523	0
93	0
47	0
534	0
563	0
311	0
375	0
582	0
153	0
187	0
490	0
186	0
112	0
169	0
488	0
455	0
538	0
335	0
52	0
46	0
540	0
6	0
564	0
504	0
111	0
348	0
277	0
54	0
86	0
547	0
136	0
158	0
263	0
311	0
564	0
426	0
145	0
492	0
81	0
314	0
192	0
181	0
286	0
361	0
215	0
425	0
80	0
38	0
330	0
368	0
456	0
569	0
399	0
540	0
272	0
421	0
361	0
323	0
586	0
117	0
369	0
120	0
460	0
407	0
561	0
377	0
75	0
285	0
22	0
475	0
27	0
2	0
522	0
209	0
337	0
249	0
378	0
20	0
166	0
353	0
147	0
228	0
16	0
334	0
564	0
61	0
174	0
449	0
224	0
485	0
327	0
71	0
426	0
337	0
144	0
486	0
117	0
567	0
225	0
36	0
335	0
31	0
154	0
122	0
418	0
298	0
47	0
470	0
47	0
500	0
341	0
574	0
319	0
519	0
464	0
184	0
487	0
597	0
138	0
167	0
471	0
438	0
74	0
71	0
287	0
258	0
343	0
137	0
46	0
526	0
536	0
347	0
289	0
123	0
425	0
591	0
53	0
325	0
28	0
27	0
473	0
495	0
489	0
425	0
122	0
123	0
547	0
228	0
412	0
55	0
561	0
563	0
98	0
444	0
438	0
530	0
187	0
111	0
526	0
524	0
65	0
402	0
117	0
597	0
471	0
357	0
269	0
388	0
334	0
118	0
587	0
205	0
84	0
360	0
47	0
452	0
562	0
503	0
543	0
54	0
416	0
449	0
135	0
65	0
231	0
144	0
78	0
221	0
282	0
469	0
72	0
426	0
570	0
550	0
572	0
168	0
469	0
168	0
353	0
269	0
298	0
456	0
250	0
568	0
316	0
130	0
242	0
373	0
401	0
29	0
214	0
586	0
445	0
286	0
14	0
342	0
152	0
48	0
232	0
329	0
328	0
206	0
425	0
447	0
212	0
567	0
80	0
230	0
239	0
280	0
522	0
158	0
53	0
447	0
19	0
304	0
109	0
395	0
71	0
503	0
579	0
369	0
221	0
83	0
345	0
482	0
301	0
509	0
473	0
312	0
166	0
373	0
82	0
231	0
582	0
311	0
52	0
120	0
127	0
380	0
209	0
233	0
418	0
460	0
219	0
312	0
123	0
153	0
516	0
238	0
337	0
534	0
486	0
160	0
264	0
271	0
263	0
505	0
437	0
274	0
296	0
516	0
317	0
331	0
538	0
348	0
267	0
38	0
334	0
430	0
188	0
133	0
560	0
286	0
160	0
426	0
567	0
23	0
207	0
494	0
227	0
335	0
189	0
263	0
443	0
518	0
532	0
272	0
395	0
463	0
300	0
306	0
199	0
486	0
450	0
160	0
494	0
234	0
354	0
169	0
565	0
60	0
18	0
543	0
334	0
517	0
13	0
588	0
166	0
455	0
441	0
308	0
224	0
369	0
374	0
413	0
153	0
198	0
90	0
243	0
537	0
503	0
326	0
384	0
218	0
381	0
239	0
88	0
585	0
67	0
185	0
11	0
582	0
463	0
271	0
20	0
449	0
401	0
167	0
471	0
363	0
212	0
462	0
551	0
518	0
258	0
376	0
508	0
322	0
549	0
465	0
259	0
485	0
135	0
69	0
72	0
327	0
51	0
385	0
255	0
103	0
452	0
316	0
272	0
365	0
227	0
485	0
25	0
468	0
262	0
42	0
405	0
339	0
92	0
50	0
210	0
185	0
557	0
328	0
89	0
379	0
254	0
468	0
398	0
572	0
114	0
504	0
279	0
423	0
524	0
292	0
305	0
340	0
194	0
422	0
429	0
341	0
587	0
169	0
266	0
227	0
272	0
569	0
468	0
522	0
280	0
489	0
171	0
294	0
54	0
217	0
222	0
120	0
509	0
375	0
126	0
257	0
468	0
544	0
135	0
185	0
573	0
43	0
497	0
564	0
439	0
531	0
85	0
587	0
323	0
567	0
163	0
587	0
427	0
96	0
376	0
251	0
150	0
430	0
188	0
63	0
449	0
143	0
521	0
124	0
264	0
189	0
376	0
455	0
466	0
27	0
518	0
39	0
481	0
188	0
268	0
316	0
200	0
96	0
404	0
58	0
288	0
139	0
23	0
110	0
99	0
356	0
307	0
99	0
466	0
319	0
162	0
578	0
90	0
87	0
198	0
212	0
272	0
156	0
152	0
180	0
430	0
597	0
568	0
382	0
365	0
394	0
190	0
583	0
290	0
232	0
143	0
599	0
214	0
1	0
227	0
538	0
389	0
368	0
83	0
110	0
511	0
351	0
145	0
113	0
277	0
85	0
479	0
579	0
76	0
118	0
137	0
556	0
205	0
152	0
87	0
330	0
293	0
304	0
555	0
560	0
311	0
112	0
193	0
134	0
144	0
221	0
187	0
489	0
587	0
56	0
220	0
592	0
466	0
161	0
92	0
42	0
166	0
491	0
490	0
311	0
542	0
425	0
305	0
249	0
107	0
419	0
257	0
214	0
292	0
548	0
46	0
77	0
445	0
82	0
38	0
179	0
458	0
467	0
51	0
401	0
194	0
449	0
528	0
396	0
255	0
162	0
176	0
488	0
65	0
567	0
579	0
577	0
466	0
415	0
34	0
432	0
180	0
207	0
441	0
591	0
31	0
128	0
532	0
65	0
135	0
453	0
570	0
217	0
105	0
471	0
590	0
245	0
54	0
287	0
165	0
358	0
40	0
367	0
506	0
207	0
258	0
5	0
244	0
312	0
317	0
173	0
113	0
62	0
596	0
498	0
260	0
176	0
409	0
553	0
257	0
233	0
80	0
339	0
161	0
189	0
49	0
396	0
226	0
185	0
83	0
116	0
166	0
28	0
508	0
90	0
187	0
228	0
29	0
224	0
387	0
518	0
154	0
255	0
9	0
22	0
544	0
184	0
300	0
575	0
86	0
467	0
185	0
143	0
286	0
80	0
200	0
418	0
349	0
8	0
393	0
514	0
318	0
151	0
103	0
504	0
173	0
464	0
538	0
457	0
78	0
500	0
555	0
104	0
518	0
377	0
128	0
196	0
370	0
171	0
503	0
85	0
340	0
434	0
215	0
497	0
147	0
576	0
75	0
525	0
370	0
309	0
496	0
322	0
65	0
457	0
277	0
70	0
527	0
149	0
122	0
52	0
106	0
566	0
528	0
1	0
389	0
31	0
16	0
316	0
207	0
490	0
120	0
409	0
564	0
26	0
441	0
57	0
101	0
88	0
340	0
146	0
483	0
425	0
146	0
463	0
169	0
312	0
547	0
324	0
295	0
541	0
62	0
208	0
411	0
361	0
47	0
70	0
386	0
69	0
134	0
66	0
571	0
270	0
212	0
421	0
45	0
551	0
465	0
397	0
575	0
492	0
465	0
477	0
69	0
550	0
589	0
28	0
419	0
279	0
541	0
564	0
225	0
556	0
107	0
161	0
318	0
378	0
211	0
523	0
441	0
150	0
566	0
274	0
163	0
517	0
166	0
510	0
544	0
397	0
580	0
120	0
533	0
326	0
21	0
33	0
283	0
1	0
419	0
285	0
233	0
371	0
191	0
362	0
80	0
205	0
333	0
555	0
343	0
276	0
392	0
84	0
119	0
224	0
476	0
113	0
361	0
115	0
394	0
519	0
580	0
464	0
93	0
423	0
586	0
589	0
596	0
234	0
226	0
382	0
585	0
126	0
40	0
415	0
566	0
164	0
456	0
270	0
303	0
266	0
195	0
139	0
522	0
388	0
320	0
557	0
179	0
82	0
571	0
163	0
4	0
62	0
154	0
203	0
330	0
108	0
484	0
42	0
395	0
94	0
565	0
393	0
227	0
459	0
325	0
560	0
373	0
540	0
438	0
394	0
102	0
163	0
124	0
292	0
262	0
391	0
247	0
507	0
296	0
400	0
547	0
65	0
321	0
236	0
425	0
564	0
205	0
60	0
134	0
11	0
340	0
439	0
561	0
414	0
308	0
384	0
370	0
345	0
192	0
246	0
142	0
188	0
583	0
8	0
407	0
362	0
271	0
187	0
288	0
204	0
23	0
529	0
199	0
474	0
252	0
64	0
51	0
269	0
347	0
420	0
444	0
468	0
382	0
138	0
249	0
424	0
34	0
58	0
77	0
494	0
556	0
527	0
587	0
105	0
291	0
439	0
121	0
218	0
529	0
370	0
513	0
541	0
388	0
265	0
241	0
201	0
257	0
428	0
332	0
371	0
392	0
303	0
290	0
512	0
306	0
162	0
578	0
109	0
143	0
468	0
520	0
340	0
204	0
67	0
122	0
558	0
305	0
259	0
252	0
231	0
553	0
473	0
195	0
306	0
418	0
98	0
495	0
194	0
341	0
85	0
25	0
587	0
599	0
281	0
276	0
139	0
134	0
44	0
56	0
592	0
464	0
34	0
529	0
550	0
108	0
102	0
318	0
85	0
484	0
48	0
254	0
61	0
546	0
539	0
101	0
15	0
303	0
545	0
27	0
402	0
514	0
278	0
222	0
239	0
478	0
310	0
94	0
49	0
93	0
476	0
190	0
492	0
184	0
344	0
466	0
457	0
200	0
299	0
452	0
43	0
407	0
178	0
481	0
353	0
376	0
565	0
328	0
432	0
109	0
515	0
547	0
333	0
399	0
76	0
110	0
508	0
359	0
170	0
92	0
159	0
275	0
101	0
344	0
591	0
573	0
562	0
273	0
232	0
133	0
295	0
591	0
188	0
215	0
510	0
227	0
110	0
63	0
395	0
547	0
89	0
489	0
515	0
34	0
341	0
93	0
107	0
501	0
70	0
375	0
90	0
82	0
537	0
189	0
108	0
44	0
491	0
281	0
4	0
409	0
351	0
334	0
62	0
588	0
308	0
168	0
430	0
190	0
545	0
100	0
560	0
216	0
238	0
102	0
269	0
171	0
96	0
434	0
14	0
496	0
545	0
114	0
345	0
516	0
546	0
181	0
405	0
539	0
149	0
233	0
243	0
470	0
323	0
207	0
179	0
334	0
279	0
341	0
40	0
336	0
181	0
386	0
497	0
203	0
323	0
570	0
469	0
28	0
546	0
424	0
74	0
547	0
248	0
243	0
338	0
54	0
166	0
361	0
139	0
419	0
1	0
65	0
10	0
539	0
599	0
413	0
427	0
42	0
520	0
468	0
415	0
139	0
399	0
237	0
250	0
401	0
323	0
551	0
31	0
264	0
414	0
342	0
379	0
377	0
233	0
287	0
155	0
380	0
18	0
189	0
523	0
288	0
411	0
132	0
220	0
174	0
440	0
595	0
385	0
356	0
29	0
15	0
71	0
181	0
41	0
322	0
334	0
365	0
404	0
146	0
344	0
419	0
520	0
381	0
164	0
343	0
38	0
66	0
495	0
378	0
273	0
468	0
537	0
181	0
463	0
120	0
183	0
370	0
185	0
53	0
386	0
215	0
208	0
523	0
212	0
313	0
282	0
59	0
210	0
324	0
48	0
71	0
506	0
104	0
357	0
467	0
522	0
440	0
149	0
576	0
531	0
60	0
7	0
258	0
480	0
263	0
561	0
135	0
559	0
267	0
551	0
151	0
210	0
175	0
239	0
67	0
570	0
290	0
75	0
54	0
170	0
306	0
108	0
313	0
579	0
373	0
376	0
299	0
161	0
233	0
32	0
301	0
353	0
287	0
593	0
531	0
517	0
545	0
549	0
286	0
374	0
228	0
500	0
462	0
181	0
9	0
228	0
285	0
390	0
558	0
595	0
383	0
153	0
274	0
572	0
205	0
166	0
325	0
238	0
377	0
28	0
333	0
157	0
44	0
79	0
197	0
138	0
203	0
428	0
144	0
478	0
304	0
193	0
363	0
151	0
61	0
422	0
1	0
452	0
515	0
138	0
512	0
331	0
377	0
596	0
40	0
44	0
335	0
351	0
444	0
226	0
554	0
304	0
193	0
126	0
218	0
399	0
595	0
407	0
567	0
16	0
215	0
474	0
547	0
421	0
19	0
361	0
464	0
586	0
346	0
499	0
82	0
524	0
476	0
89	0
199	0
374	0
537	0
72	0
515	0
330	0
206	0
152	0
409	0
297	0
528	0
400	0
131	0
143	0
118	0
403	0
586	0
214	0
155	0
579	0
289	0
125	0
520	0
560	0
36	0
476	0
240	0
21	0
414	0
543	0
469	0
160	0
528	0
5	0
273	0
548	0
541	0
227	0
407	0
501	0
466	0
554	0
503	0
343	0
531	0
538	0
336	0
11	0
345	0
369	0
215	0
94	0
463	0
557	0
582	0
472	0
116	0
65	0
449	0
406	0
155	0
423	0
481	0
453	0
525	0
243	0
179	0
580	0
464	0
535	0
11	0
356	0
265	0
288	0
314	0
575	0
374	0
172	0
518	0
418	0
366	0
535	0
256	0
16	0
169	0
297	0
513	0
532	0
260	0
261	0
510	0
74	0
340	0
496	0
115	0
91	0
460	0
4	0
396	0
492	0
306	0
265	0
470	0
362	0
51	0
159	0
99	0
436	0
215	0
10	0
293	0
340	0
231	0
354	0
362	0
147	0
587	0
141	0
85	0
168	0
48	0
587	0
382	0
557	0
326	0
231	0
527	0
399	0
424	0
421	0
567	0
519	0
229	0
476	0
508	0
274	0
35	0
474	0
289	0
289	0
243	0
262	0
263	0
326	0
15	0
318	0
512	0
516	0
120	0
317	0
518	0
209	0
61	0
385	0
314	0
371	0
269	0
78	0
465	0
52	0
549	0
378	0
57	0
411	0
341	0
582	0
385	0
136	0
445	0
446	0
462	0
36	0
94	0
302	0
266	0
315	0
323	0
352	0
462	0
583	0
373	0
182	0
360	0
362	0
358	0
152	0
121	0
543	0
293	0
131	0
429	0
526	0
120	0
23	0
477	0
458	0
176	0
107	0
577	0
561	0
558	0
62	0
78	0
167	0
235	0
445	0
400	0
375	0
550	0
204	0
65	0
376	0
382	0
507	0
424	0
15	0
591	0
287	0
276	0
495	0
290	0
313	0
87	0
154	0
580	0
271	0
584	0
186	0
48	0
197	0
376	0
568	0
289	0
472	0
47	0
128	0
152	0
423	0
383	0
343	0
332	0
518	0
461	0
267	0
559	0
448	0
408	0
461	0
476	0
480	0
154	0
93	0
591	0
108	0
67	0
587	0
341	0
23	0
397	0
477	0
483	0
57	0
259	0
386	0
234	0
173	0
50	0
585	0
39	0
56	0
329	0
199	0
425	0
457	0
517	0
523	0
148	0
249	0
333	0
96	0
74	0
359	0
597	0
422	0
353	0
32	0
253	0
149	0
440	0
26	0
481	0
296	0
122	0
68	0
532	0
570	0
317	0
380	0
357	0
375	0
397	0
196	0
524	0
585	0
26	0
562	0
574	0
598	0
504	0
570	0
427	0
186	0
388	0
522	0
585	0
255	0
60	0
489	0
345	0
221	0
127	0
421	0
495	0
55	0
396	0
257	0
440	0
516	0
551	0
183	0
300	0
591	0
398	0
551	0
442	0
468	0
225	0
564	0
339	0
30	0
312	0
415	0
238	0
266	0
446	0
483	0
515	0
50	0
251	0
532	0
548	0
39	0
376	0
292	0
316	0
526	0
292	0
204	0
107	0
349	0
27	0
331	0
282	0
419	0
85	0
470	0
425	0
185	0
493	0
36	0
97	0
377	0
0	0
477	0
483	0
305	0
325	0
558	0
254	0
108	0
316	0
436	0
152	0
245	0
527	0
339	0
364	0
1	0
325	0
321	0
474	0
464	0
525	0
580	0
4	0
128	0
152	0
540	0
516	0
446	0
295	0
78	0
19	0
57	0
427	0
382	0
20	0
189	0
196	0
65	0
583	0
537	0
105	0
148	0
450	0
550	0
318	0
437	0
10	0
92	0
196	0
236	0
239	0
186	0
186	0
85	0
461	0
273	0
561	0
421	0
375	0
510	0
413	0
205	0
574	0
451	0
431	0
408	0
14	0
489	0
399	0
294	0
570	0
588	0
559	0
394	0
102	0
171	0
387	0
111	0
98	0
218	0
573	0
313	0
439	0
118	0
357	0
331	0
426	0
372	0
429	0
141	0
229	0
318	0
162	0
191	0
501	0
323	0
534	0
238	0
534	0
146	0
371	0
313	0
402	0
203	0
266	0
146	0
272	0
322	0
97	0
124	0
233	0
369	0
547	0
445	0
279	0
384	0
26	0
401	0
238	0
212	0
311	0
440	0
436	0
505	0
42	0
261	0
229	0
517	0
261	0
348	0
526	0
475	0
186	0
440	0
459	0
569	0
421	0
270	0
381	0
559	0
333	0
49	0
427	0
115	0
564	0
51	0
489	0
101	0
429	0
372	0
38	0
380	0
205	0
578	0
135	0
116	0
274	0
94	0
209	0
253	0
88	0
230	0
332	0
393	0
34	0
293	0
179	0
249	0
574	0
67	0
311	0
412	0
209	0
266	0
331	0
6	0
378	0
566	0
123	0
329	0
35	0
256	0
301	0
282	0
385	0
424	0
370	0
354	0
61	0
300	0
102	0
383	0
218	0
49	0
370	0
79	0
479	0
12	0
459	0
113	0
431	0
110	0
499	0
360	0
571	0
458	0
366	0
84	0
586	0
284	0
535	0
374	0
263	0
384	0
64	0
208	0
176	0
420	0
593	0
175	0
255	0
244	0
407	0
7	0
465	0
232	0
30	0
97	0
219	0
467	0
585	0
187	0
85	0
450	0
510	0
308	0
455	0
14	0
287	0
266	0
488	0
537	0
75	0
306	0
565	0
9	0
267	0
508	0
510	0
476	0
584	0
72	0
332	0
321	0
313	0
441	0
551	0
86	0
466	0
244	0
540	0
60	0
57	0
372	0
403	0
291	0
314	0
462	0
207	0
282	0
355	0
100	0
407	0
135	0
265	0
481	0
169	0
15	0
417	0
424	0
46	0
147	0
19	0
345	0
529	0
72	0
0	0
392	0
217	0
521	0
404	0
371	0
341	0
443	0
438	0
73	0
207	0
189	0
389	0
42	0
65	0
537	0
477	0
422	0
412	0
427	0
63	0
534	0
104	0
246	0
334	0
545	0
198	0
573	0
533	0
180	0
129	0
237	0
479	0
106	0
98	0
572	0
254	0
131	0
283	0
77	0
157	0
172	0
600	579
600	84
600	65
600	90
600	560
600	544
600	466
600	468
600	387
600	498
600	559
600	517
600	445
600	137
600	263
600	107
600	568
600	511
600	100
600	199
600	232
600	499
600	466
600	41
600	152
600	83
600	334
600	95
600	384
600	582
600	329
600	210
600	548
600	92
600	476
600	149
600	185
600	139
600	213
600	170
600	144
600	415
600	359
600	115
600	309
600	172
600	208
600	346
600	585
600	139
600	244
600	118
600	459
600	39
600	286
600	578
600	117
600	171
600	447
600	139
600	554
600	154
600	79
600	30
600	478
600	418
600	16
600	28
600	558
600	5
600	91
600	596
600	559
600	62
600	330
600	3
600	346
600	85
600	596
600	242
600	52
600	39
600	415
600	83
600	172
600	309
600	95
600	129
600	110
600	254
600	268
600	12
600	285
600	164
600	587
600	126
600	285
600	568
600	323
600	397
600	117
600	363
600	359
600	493
600	275
600	187
600	123
600	586
600	146
600	134
600	368
600	590
600	351
600	598
600	578
600	213
600	370
600	128
600	296
600	147
600	319
600	242
600	147
600	269
600	91
600	273
600	471
600	269
600	172
600	508
600	216
600	4
600	90
600	249
600	486
600	267
600	33
600	274
600	264
600	226
600	392
600	292
600	175
600	484
600	44
600	355
600	569
600	261
600	318
600	533
600	126
600	490
600	267
600	90
600	551
600	283
600	98
600	228
600	426
600	87
600	328
600	593
600	154
600	68
600	127
600	234
600	460
600	216
600	293
600	40
600	412
600	250
600	113
600	434
600	421
600	239
600	448
600	13
600	344
600	1
600	510
600	168
600	436
600	514
600	184
600	538
600	132
600	321
600	117
600	131
600	70
600	15
600	309
600	260
600	311
600	225
600	514
600	3
600	436
600	42
600	499
600	439
600	339
600	148
600	592
600	301
600	464
600	82
600	351
600	573
600	395
600	269
600	325
600	116
600	175
600	449
600	96
600	502
600	302
600	204
600	57
600	471
600	391
600	98
600	567
600	335
600	402
600	416
600	406
600	32
600	82
600	331
600	351
600	109
600	537
600	300
600	441
600	73
600	345
600	426
600	93
600	512
600	590
600	124
600	247
600	230
600	482
600	194
600	472
600	66
600	496
600	582
600	480
600	207
600	338
600	573
600	169
600	463
600	542
600	596
600	183
600	92
600	211
600	552
600	588
600	421
600	33
600	302
600	208
600	585
600	447
600	12
600	197
600	179
600	510
600	186
600	552
600	306
600	42
600	417
600	340
600	195
600	224
600	238
600	104
600	397
600	131
600	298
600	17
600	545
600	97
600	225
600	370
600	324
600	363
600	229
600	191
600	51
600	545
600	215
600	546
600	546
600	563
600	186
600	364
600	312
600	477
600	76
600	349
600	179
600	426
600	409
600	303
600	203
600	305
600	301
600	85
600	414
600	213
600	510
600	305
600	328
600	326
600	484
600	138
600	356
600	373
600	78
600	172
600	195
600	324
600	499
600	297
600	567
600	4
600	537
600	422
600	101
600	96
600	333
600	121
600	454
600	463
600	104
600	390
600	576
600	319
600	153
600	441
600	445
600	101
600	381
600	277
600	248
600	513
600	289
600	283
600	495
600	581
600	407
600	183
600	329
600	262
600	380
600	412
600	310
600	468
600	333
600	23
600	261
600	52
600	33
600	593
600	286
600	284
600	400
600	45
600	149
600	70
600	246
600	234
600	143
600	502
600	155
600	523
600	45
600	374
600	98
600	154
600	58
600	544
600	516
600	347
600	498
600	475
600	233
600	76
600	329
600	239
600	210
600	362
600	437
600	83
600	253
600	399
600	184
600	254
600	78
600	48
600	214
600	50
600	487
600	571
600	424
600	532
600	372
600	566
600	571
600	584
600	541
600	129
600	312
600	378
600	217
600	173
600	233
600	495
600	243
600	503
600	100
600	162
600	4
600	237
600	343
600	394
600	269
600	113
600	192
600	433
600	6
600	579
600	360
600	271
600	360
600	504
600	28
600	565
600	500
600	57
600	46
600	253
600	286
600	599
600	31
600	46
600	81
600	289
600	89
600	598
600	264
600	416
600	397
600	433
600	350
600	578
600	72
600	438
600	387
600	482
600	66
600	216
600	164
600	73
600	381
600	289
600	6
600	126
600	254
600	458
600	270
600	145
600	251
600	584
600	272
600	277
600	289
600	249
600	498
600	203
600	392
600	140
600	508
600	387
600	325
600	319
600	366
600	222
600	437
600	321
600	398
600	31
600	401
600	495
600	260
600	503
600	410
600	308
600	140
600	504
600	426
600	386
600	136
600	561
600	5
600	229
600	239
600	272
600	426
600	590
600	158
600	583
600	426
600	526
600	561
600	285
600	483
600	552
600	439
600	404
600	489
600	193
600	31
600	115
600	394
600	19
600	570
600	561
600	532
600	517
600	534
600	346
600	230
600	390
600	44
600	527
600	488
600	16
600	416
600	5
600	111
600	298
600	59
600	280
600	65
600	526
600	270
600	65
600	313
600	41
600	380
600	346
600	208
600	304
600	588
600	586
600	256
600	312
600	226
600	419
600	230
600	54
600	169
600	473
600	364
600	325
600	520
600	173
600	104
600	549
600	14
600	176
600	12
600	137
600	19
600	499
600	514
600	497
600	396
600	379
600	196
600	470
600	306
600	10
600	574
600	356
600	384
600	328
600	57
600	385
600	464
600	81
600	572
600	276
600	561
600	567
600	289
600	385
600	158
600	488
600	481
600	304
600	262
600	211
600	29
600	101
600	427
600	524
600	178
600	539
600	337
600	567
600	472
600	146
600	190
600	345
600	431
600	200
600	216
600	234
600	174
600	531
600	375
600	374
600	226
600	75
600	272
600	426
600	576
600	222
600	435
600	76
600	567
600	110
600	315
600	532
600	413
600	69
600	247
600	239
600	292
600	0
600	417
600	378
600	248
600	353
600	154
600	563
600	392
600	551
600	39
600	106
600	334
600	185
600	125
600	471
600	213
600	463
600	29
600	334
600	550
600	497
600	539
600	389
600	207
600	321
600	1
600	350
600	17
600	35
600	107
600	207
600	188
600	485
600	47
600	415
600	161
600	353
600	411
600	243
600	411
600	239
600	306
600	159
600	83
600	175
600	556
600	264
600	439
600	261
600	65
600	309
600	535
600	317
600	546
600	78
600	211
600	326
600	285
600	429
600	532
600	531
600	139
600	393
600	414
600	540
600	311
600	210
600	550
600	163
600	373
600	71
600	62
600	267
600	292
600	138
600	130
600	203
600	441
600	301
600	214
600	95
600	306
600	157
600	550
600	407
600	228
600	260
600	329
600	305
600	218
600	118
600	35
600	114
600	211
600	82
600	598
600	306
600	341
600	136
600	340
600	134
600	236
600	257
600	292
600	278
600	561
600	441
600	238
600	350
600	337
600	497
600	101
600	114
600	347
600	537
600	512
600	531
600	165
600	411
600	388
600	310
600	364
600	212
600	202
600	412
600	102
600	411
600	56
600	100
600	519
600	27
600	439
600	259
600	539
600	430
600	65
600	366
600	270
600	255
600	364
600	63
600	398
600	441
600	512
600	131
600	177
600	454
600	417
600	116
600	225
600	63
600	496
600	506
600	416
600	27
600	508
600	196
600	482
600	291
600	449
600	452
600	126
600	553
600	355
600	345
600	456
600	481
600	177
600	182
600	574
600	296
600	584
600	575
600	5
600	129
600	211
600	516
600	415
600	463
600	540
600	110
600	595
600	588
600	466
600	71
600	114
600	407
600	350
600	14
600	121
600	532
600	132
600	432
600	8
600	198
600	155
600	226
600	54
600	272
600	296
600	562
600	62
600	569
600	166
600	157
600	138
600	205
600	538
600	563
600	122
600	432
600	526
600	383
600	105
600	37
600	340
600	226
600	277
600	549
600	420
600	295
600	57
600	19
600	156
600	26
600	264
600	429
600	508
600	482
600	440
600	373
600	387
600	485
600	593
600	69
600	441
600	187
600	177
600	104
600	521
600	138
600	85
600	437
600	290
600	88
600	421
600	359
600	356
600	416
600	189
600	488
600	370
600	123
600	244
600	388
600	63
600	104
600	315
600	297
600	329
600	254
600	163
600	349
600	197
600	501
600	115
600	472
600	445
600	157
600	77
600	488
600	525
600	111
600	428
600	203
600	246
600	351
600	301
600	534
600	388
600	451
600	470
600	428
600	163
600	261
600	263
600	443
600	25
600	436
600	564
600	465
600	431
600	97
600	276
600	164
600	545
600	245
600	441
600	446
600	296
600	576
600	36
600	303
600	33
600	524
600	284
600	20
600	260
600	248
600	371
600	262
600	554
600	328
600	590
600	22
600	299
600	234
600	214
600	596
600	476
600	308
600	143
600	542
600	498
600	248
600	581
600	13
600	69
600	65
600	198
600	12
600	412
600	416
600	545
600	538
600	449
600	47
600	208
600	239
600	128
600	318
600	444
600	250
600	385
600	108
600	430
600	593
600	264
600	165
600	405
600	434
600	509
600	514
600	497
600	238
600	117
600	431
600	387
600	206
600	509
600	445
600	527
600	429
600	470
600	376
600	159
600	516
600	113
600	242
600	245
600	301
600	583
600	414
600	84
600	144
600	254
600	49
600	516
600	257
600	28
600	507
600	488
600	394
600	497
600	380
600	38
600	500
600	69
600	121
600	522
600	105
600	251
600	29
600	175
600	413
600	17
600	196
600	467
600	571
600	309
600	51
600	382
600	516
600	165
600	27
600	207
600	434
600	235
600	421
600	539
600	490
600	3
600	359
600	491
600	496
600	515
600	588
600	104
600	372
600	430
600	394
600	334
600	475
600	84
600	405
600	378
600	361
600	370
600	129
600	226
600	321
600	57
600	325
600	567
600	335
600	182
600	530
600	153
600	484
600	310
600	570
600	288
600	401
600	451
600	174
600	490
600	511
600	519
600	288
600	198
600	139
600	195
600	583
600	507
600	127
600	349
600	281
600	133
600	371
600	205
600	307
600	542
600	411
600	138
600	371
600	261
600	250
600	421
600	415
600	430
600	84
600	153
600	502
600	286
600	585
600	558
600	180
600	480
600	549
600	521
600	427
600	249
600	388
600	153
600	388
600	261
600	587
600	281
600	21
600	468
600	138
600	293
600	133
600	428
600	373
600	595
600	3
600	195
600	346
600	263
600	141
600	162
600	4
600	122
600	436
600	425
600	334
600	448
600	555
600	195
600	524
600	485
600	281
600	31
600	371
600	180
600	268
600	575
600	153
600	428
600	22
600	489
600	351
600	527
600	452
600	440
600	587
600	375
600	400
600	214
600	545
600	599
600	320
600	248
600	442
600	420
600	15
600	174
600	5
600	567
600	290
600	5
600	337
600	560
600	341
600	243
600	61
600	279
600	300
600	183
600	222
600	202
600	54
600	242
600	304
600	151
600	299
600	350
600	512
600	12
600	30
600	297
600	533
600	435
600	381
600	550
600	55
600	75
600	29
600	248
600	560
600	413
600	395
600	428
600	304
600	116
600	237
600	346
600	76
600	519
600	127
600	503
600	118
600	239
600	146
600	491
600	112
600	64
600	591
600	354
600	89
600	334
600	265
600	81
600	26
600	356
600	271
600	174
600	10
600	220
600	161
600	196
600	373
600	30
600	154
600	378
600	428
600	271
600	52
600	471
600	342
600	384
600	106
600	389
600	373
600	167
600	278
600	311
600	435
600	391
600	571
600	551
600	530
600	343
600	76
600	176
600	147
600	337
600	139
600	333
600	150
600	353
600	390
600	173
600	584
600	352
600	212
600	108
600	139
600	20
600	198
600	471
600	423
600	333
600	152
600	451
600	166
600	519
600	166
600	50
600	325
600	471
600	268
600	75
600	151
600	156
600	469
600	149
600	308
600	100
600	469
600	208
600	318
600	112
600	410
600	328
600	284
600	253
600	557
600	494
600	503
600	95
600	567
600	397
600	489
600	131
600	486
600	118
600	382
600	546
600	159
600	153
600	267
600	510
600	549
600	528
600	291
600	314
600	287
600	521
600	273
600	26
600	480
600	489
600	231
600	451
600	168
600	344
600	508
600	201
600	400
600	572
600	373
600	252
600	99
600	229
600	410
600	334
600	183
600	506
600	553
600	596
600	379
600	15
600	280
600	518
600	291
600	180
600	275
600	164
600	166
600	203
600	334
600	462
600	233
600	53
600	477
600	448
600	204
600	25
600	439
600	177
600	298
600	466
600	240
600	263
600	222
600	268
600	317
600	337
600	208
600	83
600	75
600	433
600	175
600	128
600	345
600	187
600	289
600	369
600	492
600	198
600	550
600	236
600	440
600	229
600	107
600	48
600	331
600	362
600	426
600	104
600	374
600	89
600	558
600	452
600	542
600	197
600	412
600	381
600	167
600	81
600	509
600	245
600	223
600	565
600	56
600	577
600	272
600	466
600	188
600	165
600	391
600	316
600	323
600	322
600	2
600	235
600	570
600	486
600	551
600	174
600	374
600	32
600	271
600	45
600	440
600	142
600	265
600	409
600	129
600	581
600	403
600	490
600	561
600	372
600	75
600	468
600	560
600	461
600	387
600	231
600	103
600	482
600	595
600	10
600	529
600	320
600	569
600	116
600	236
600	10
600	411
600	118
600	116
600	445
600	277
600	80
600	414
600	419
600	142
600	406
600	361
600	575
600	21
600	279
600	200
600	212
600	241
600	523
600	389
600	129
600	125
600	38
600	415
600	509
600	306
600	108
600	20
600	459
600	7
600	115
600	202
600	210
600	100
600	256
600	8
600	316
600	548
600	303
600	233
600	225
600	65
600	34
600	104
600	423
600	353
600	237
600	15
600	392
600	302
600	492
600	217
600	280
600	195
600	82
600	88
600	386
600	410
600	519
600	352
600	382
600	354
600	164
600	27
600	113
600	46
600	342
600	358
600	368
600	441
600	469
600	80
600	434
600	485
600	193
600	42
600	210
600	123
600	248
600	330
600	350
600	493
600	165
600	498
600	135
600	376
600	400
600	133
600	597
600	589
600	446
600	290
600	358
600	285
600	213
600	144
600	442
600	380
600	222
600	554
600	150
600	415
600	496
600	476
600	267
600	168
600	349
600	131
600	467
600	96
600	291
600	388
600	552
600	116
600	281
600	122
600	521
600	304
600	339
600	139
600	561
600	415
600	461
600	324
600	229
600	197
600	360
600	120
600	18
600	180
600	27
600	232
600	497
600	314
600	193
600	508
600	569
600	244
600	307
600	407
600	519
600	587
600	3
600	289
600	315
600	237
600	140
600	367
600	418
600	303
600	320
600	541
600	44
600	542
600	216
600	587
600	258
600	205
600	378
600	221
600	598
600	352
600	10
600	460
600	318
600	279
600	295
600	426
600	254
600	174
600	112
600	563
600	473
600	169
600	35
600	270
600	436
600	445
600	130
600	163
600	391
600	170
600	587
600	7
600	465
600	556
600	43
600	339
600	15
600	409
600	446
600	355
600	504
600	509
600	13
600	594
600	112
600	408
600	52
600	506
600	479
600	441
600	7
600	57
600	597
600	189
600	448
600	583
600	69
600	232
600	584
600	212
600	155
600	139
600	240
600	327
600	107
600	462
600	386
600	56
600	288
600	221
600	73
600	15
600	197
600	254
600	233
600	94
600	267
600	371
600	13
600	281
600	176
600	467
600	436
600	470
600	16
600	531
600	446
600	271
600	347
600	401
600	464
600	133
600	203
600	33
600	90
600	198
600	304
600	248
600	74
600	23
600	57
600	166
600	135
600	132
600	25
600	393
600	275
600	44
600	92
600	268
600	445
600	330
600	509
600	358
600	195
600	158
600	469
600	487
600	337
600	211
600	218
600	317
600	536
600	345
600	42
600	437
600	478
600	130
600	218
600	246
600	405
600	34
600	495
600	239
600	283
600	151
600	24
600	48
600	198
600	16
600	350
600	421
600	113
600	562
600	449
600	71
600	168
600	6
600	369
600	429
600	492
600	470
600	14
600	577
600	299
600	174
600	60
600	437
600	303
600	543
600	78
600	283
600	241
600	262
600	46
600	388
600	242
600	548
600	342
600	160
600	190
600	55
600	374
600	444
600	469
600	77
600	530
600	506
600	375
600	112
600	191
600	194
600	484
600	197
600	594
600	214
600	109
600	79
600	6
600	396
600	538
600	568
600	376
600	60
600	425
600	128
600	168
600	201
600	464
600	382
600	318
600	205
600	351
600	571
600	247
600	124
600	493
600	78
600	51
600	27
600	61
600	338
600	396
600	393
600	268
600	83
600	412
600	395
600	522
600	359
600	219
600	318
600	491
600	74
600	476
600	325
600	425
600	522
600	155
600	323
600	320
600	338
600	94
600	314
600	549
600	17
600	525
600	434
600	132
600	34
600	23
600	405
600	69
600	534
600	234
600	71
600	345
600	445
600	111
600	379
600	327
600	596
600	456
600	200
600	205
600	169
600	118
600	434
600	173
600	546
600	131
600	77
600	167
600	443
600	249
600	285
600	325
600	293
600	77
600	504
600	519
600	524
600	316
600	533
600	130
600	433
600	56
600	366
600	367
600	39
600	142
600	425
600	382
600	113
600	96
600	53
600	310
600	328
600	146
600	143
600	186
600	306
600	115
600	499
600	569
600	485
600	2
600	344
600	337
600	4
600	418
600	580
600	17
600	368
600	196
600	79
600	34
600	112
600	23
600	324
600	218
600	483
600	167
600	226
600	109
600	498
600	311
600	577
600	303
600	419
600	420
600	599
600	258
600	216
600	503
600	562
600	225
600	405
600	230
600	296
600	447
600	208
600	57
600	402
600	143
600	324
600	252
600	199
600	505
600	422
600	390
600	220
600	101
600	376
600	324
600	466
600	343
600	51
600	250
600	8
600	399
600	487
600	15
600	111
600	563
600	350
600	44
600	229
600	492
600	487
600	282
600	464
600	538
600	439
600	133
600	84
600	429
600	145
600	80
600	224
600	161
600	150
600	438
600	75
600	388
600	512
600	130
600	468
600	160
600	88
600	332
600	511
600	328
600	31
600	49
600	307
600	56
600	322
600	109
600	408
600	597
600	366
600	376
600	86
600	126
600	427
600	26
600	304
600	158
600	110
600	204
600	0
600	95
600	246
600	285
600	532
600	189
600	247
600	53
600	278
600	548
600	445
600	226
600	129
600	590
600	408
600	36
600	287
600	141
600	102
600	359
600	591
600	178
600	95
600	453
600	148
600	175
600	170
600	453
600	177
600	383
600	228
600	340
600	361
600	120
600	8
600	230
600	331
600	410
600	562
600	465
600	106
600	495
600	342
600	23
600	370
600	583
600	166
600	190
600	502
600	350
600	56
600	517
600	591
600	428
600	125
600	93
600	303
600	178
600	70
600	337
600	380
600	380
600	586
600	156
600	263
600	335
600	306
600	486
600	452
600	208
600	229
600	418
600	37
600	254
600	31
600	503
600	111
600	285
600	204
600	433
600	381
600	416
600	187
600	427
600	563
600	42
600	597
600	140
600	147
600	545
600	229
600	51
600	219
600	72
600	345
600	80
600	128
600	328
600	271
600	296
600	132
600	122
600	67
600	292
600	34
600	579
600	276
600	431
600	2
600	380
600	567
600	370
600	96
600	133
600	578
600	574
600	263
600	414
600	291
600	102
600	387
600	330
600	225
600	6
600	260
600	144
600	528
600	507
600	7
600	71
600	290
600	41
600	318
600	149
600	305
600	483
600	207
600	212
600	545
600	266
600	402
600	474
600	522
600	213
600	355
600	587
600	19
600	242
600	568
600	525
600	386
600	502
600	245
600	88
600	528
600	502
600	35
600	32
600	97
600	83
600	327
600	24
600	201
600	20
600	446
600	53
600	194
600	546
600	526
600	172
600	42
600	589
600	136
600	353
600	409
600	262
600	586
600	85
600	97
600	169
600	1
600	347
600	190
600	410
600	163
600	487
600	13
600	72
600	458
600	451
600	120
600	306
600	277
600	224
600	279
600	381
600	48
600	53
600	59
600	135
600	308
600	583
600	411
600	587
600	362
600	237
600	322
600	1
600	320
600	103
600	344
600	161
600	438
600	67
600	220
600	308
600	50
600	491
600	339
600	192
600	239
600	38
600	498
600	398
600	228
600	65
600	56
600	377
600	137
600	570
600	55
600	348
600	253
600	281
600	65
600	73
600	195
600	84
600	118
600	338
600	146
600	189
600	51
600	342
600	123
600	354
600	599
600	458
600	470
600	352
600	360
600	480
600	381
600	541
600	251
600	353
600	130
600	553
600	64
600	3
600	172
600	584
600	475
600	279
600	268
600	143
600	446
600	153
600	535
600	208
600	372
600	21
600	460
600	371
600	72
600	259
600	493
600	171
600	564
600	294
600	482
600	83
600	71
600	270
600	552
600	539
600	78
600	296
600	137
600	267
600	242
600	391
600	494
600	450
600	250
600	50
600	191
600	547
600	359
600	378
600	474
600	141
600	133
600	389
600	58
600	182
600	410
600	476
600	231
600	3
600	383
600	165
600	459
600	518
600	491
600	262
600	69
600	421
600	247
600	55
600	398
600	499
600	572
600	210
600	257
600	85
600	105
600	170
600	216
600	515
600	432
600	37
600	137
600	480
600	144
600	352
600	407
600	136
600	237
600	29
600	69
600	206
600	531
600	259
600	477
600	319
600	410
600	163
600	551
600	278
600	27
600	482
600	533
600	573
600	521
600	376
600	563
600	261
600	203
600	75
600	524
600	266
600	54
600	353
600	95
600	133
600	503
600	8
600	553
600	263
600	93
600	76
600	284
600	135
600	37
600	356
600	60
600	217
600	79
600	489
600	226
600	452
600	310
600	357
600	378
600	469
600	13
600	179
600	7
600	197
600	149
600	433
600	143
600	116
600	139
600	551
600	145
600	552
600	350
600	539
600	82
600	262
600	222
600	522
600	470
600	452
600	128
600	252
600	164
600	448
600	142
600	517
600	555
600	17
600	331
600	188
600	360
600	584
600	84
600	10
600	410
600	50
600	290
600	440
600	420
600	45
600	524
600	45
600	137
600	68
600	282
600	139
600	47
600	1
600	36
600	85
600	521
600	486
600	305
600	279
600	56
600	528
600	459
600	290
600	140
600	57
600	375
600	315
600	37
600	353
600	26
600	518
600	22
600	519
600	551
600	116
600	249
600	49
600	374
600	582
600	317
600	262
600	550
600	125
600	51
600	484
600	275
600	64
600	385
600	364
600	395
600	593
600	285
600	14
600	410
600	580
548	600
57	600
189	600
197	600
483	600
547	600
283	600
245	600
473	600
258	600
240	600
369	600
512	600
5	600
291	600
263	600
424	600
282	600
591	600
29	600
412	600
420	600
583	600
496	600
320	600
496	600
458	600
294	600
463	600
260	600
255	600
16	600
396	600
237	600
114	600
160	600
22	600
340	600
347	600
163	600
319	600
557	600
40	600
586	600
13	600
379	600
329	600
379	600
207	600
51	600
273	600
527	600
148	600
315	600
524	600
24	600
148	600
559	600
572	600
129	600
50	600
360	600
454	600
26	600
145	600
257	600
529	600
14	600
164	600
504	600
334	600
74	600
450	600
428	600
443	600
245	600
342	600
409	600
338	600
351	600
541	600
326	600
343	600
199	600
592	600
495	600
238	600
541	600
377	600
500	600
587	600
88	600
290	600
533	600
267	600
292	600
160	600
304	600
479	600
492	600
239	600
505	600
585	600
217	600
456	600
516	600
406	600
508	600
309	600
306	600
52	600
462	600
454	600
134	600
85	600
57	600
291	600
275	600
66	600
361	600
89	600
548	600
499	600
533	600
82	600
47	600
2	600
453	600
549	600
127	600
199	600
319	600
388	600
4	600
366	600
449	600
132	600
297	600
77	600
245	600
528	600
538	600
177	600
468	600
326	600
168	600
529	600
480	600
395	600
99	600
122	600
467	600
2	600
171	600
585	600
29	600
247	600
482	600
79	600
206	600
322	600
465	600
174	600
577	600
591	600
246	600
418	600
360	600
347	600
119	600
83	600
18	600
313	600
406	600
327	600
30	600
226	600
24	600
100	600
66	600
586	600
323	600
539	600
61	600
479	600
340	600
176	600
245	600
341	600
339	600
478	600
229	600
525	600
507	600
351	600
311	600
412	600
538	600
505	600
234	600
159	600
25	600
533	600
312	600
276	600
408	600
385	600
391	600
180	600
562	600
164	600
162	600
37	600
376	600
353	600
459	600
124	600
484	600
429	600
303	600
264	600
572	600
267	600
381	600
497	600
329	600
479	600
397	600
478	600
300	600
392	600
74	600
246	600
172	600
230	600
571	600
535	600
86	600
418	600
499	600
283	600
137	600
373	600
435	600
24	600
108	600
513	600
305	600
382	600
7	600
227	600
224	600
107	600
91	600
330	600
435	600
586	600
559	600
314	600
383	600
371	600
24	600
545	600
92	600
428	600
115	600
427	600
127	600
572	600
146	600
208	600
271	600
576	600
258	600
10	600
482	600
303	600
469	600
133	600
396	600
408	600
328	600
503	600
596	600
491	600
67	600
528	600
394	600
357	600
280	600
139	600
40	600
461	600
66	600
489	600
413	600
291	600
212	600
39	600
544	600
512	600
250	600
318	600
239	600
593	600
144	600
368	600
203	600
501	600
78	600
122	600
144	600
494	600
12	600
85	600
286	600
316	600
360	600
551	600
271	600
205	600
105	600
598	600
446	600
97	600
6	600
13	600
416	600
129	600
272	600
447	600
146	600
527	600
49	600
567	600
6	600
345	600
112	600
386	600
323	600
319	600
267	600
445	600
191	600
132	600
303	600
328	600
300	600
482	600
518	600
116	600
117	600
102	600
445	600
464	600
276	600
338	600
577	600
255	600
217	600
169	600
46	600
206	600
160	600
501	600
228	600
217	600
224	600
180	600
238	600
445	600
332	600
297	600
560	600
576	600
583	600
367	600
500	600
285	600
521	600
225	600
25	600
283	600
568	600
508	600
441	600
501	600
277	600
454	600
222	600
204	600
589	600
575	600
488	600
337	600
400	600
181	600
589	600
287	600
129	600
7	600
517	600
516	600
75	600
191	600
97	600
569	600
324	600
186	600
248	600
367	600
136	600
20	600
373	600
249	600
269	600
308	600
345	600
256	600
102	600
39	600
56	600
585	600
7	600
176	600
219	600
251	600
164	600
5	600
361	600
141	600
6	600
357	600
570	600
404	600
203	600
69	600
482	600
178	600
81	600
161	600
103	600
474	600
55	600
520	600
511	600
576	600
431	600
121	600
360	600
126	600
564	600
178	600
29	600
232	600
340	600
367	600
530	600
425	600
58	600
279	600
533	600
223	600
555	600
482	600
33	600
369	600
234	600
502	600
360	600
505	600
554	600
521	600
76	600
292	600
168	600
337	600
482	600
269	600
523	600
383	600
43	600
522	600
113	600
314	600
521	600
135	600
167	600
112	600
442	600
470	600
364	600
247	600
316	600
585	600
339	600
442	600
397	600
30	600
211	600
351	600
542	600
112	600
116	600
365	600
596	600
230	600
592	600
411	600
594	600
245	600
428	600
291	600
342	600
169	600
138	600
245	600
294	600
289	600
485	600
192	600
503	600
519	600
351	600
51	600
482	600
271	600
586	600
58	600
52	600
31	600
321	600
572	600
96	600
309	600
282	600
521	600
410	600
303	600
404	600
297	600
115	600
370	600
543	600
536	600
116	600
318	600
219	600
309	600
97	600
433	600
360	600
514	600
316	600
280	600
447	600
205	600
187	600
565	600
269	600
181	600
135	600
169	600
338	600
177	600
298	600
474	600
545	600
554	600
236	600
488	600
558	600
208	600
449	600
322	600
46	600
98	600
490	600
166	600
280	600
327	600
295	600
557	600
295	600
114	600
263	600
124	600
360	600
67	600
563	600
319	600
439	600
311	600
437	600
568	600
88	600
225	600
432	600
149	600
188	600
482	600
60	600
24	600
147	600
500	600
64	600
191	600
560	600
13	600
332	600
508	600
229	600
87	600
467	600
207	600
395	600
28	600
49	600
592	600
190	600
126	600
39	600
297	600
292	600
333	600
576	600
559	600
64	600
153	600
358	600
89	600
367	600
135	600
142	600
544	600
110	600
145	600
69	600
135	600
214	600
310	600
557	600
45	600
494	600
337	600
33	600
453	600
75	600
453	600
401	600
263	600
365	600
437	600
193	600
223	600
481	600
105	600
332	600
322	600
311	600
437	600
537	600
561	600
367	600
500	600
471	600
599	600
157	600
451	600
43	600
556	600
478	600
32	600
186	600
420	600
254	600
216	600
349	600
178	600
24	600
215	600
401	600
181	600
593	600
427	600
383	600
269	600
265	600
114	600
175	600
271	600
583	600
57	600
459	600
123	600
288	600
102	600
107	600
159	600
555	600
133	600
54	600
28	600
580	600
215	600
103	600
558	600
275	600
161	600
315	600
178	600
400	600
97	600
285	600
207	600
558	600
387	600
500	600
399	600
569	600
137	600
19	600
7	600
221	600
377	600
290	600
530	600
388	600
536	600
134	600
204	600
132	600
268	600
482	600
554	600
91	600
0	600
15	600
583	600
367	600
24	600
16	600
208	600
310	600
204	600
267	600
41	600
271	600
338	600
196	600
329	600
44	600
12	600
444	600
512	600
117	600
288	600
65	600
522	600
17	600
182	600
107	600
267	600
243	600
100	600
99	600
473	600
159	600
349	600
287	600
1	600
464	600
81	600
334	600
314	600
71	600
206	600
461	600
78	600
18	600
92	600
555	600
463	600
22	600
214	600
240	600
318	600
234	600
315	600
156	600
318	600
211	600
572	600
55	600
128	600
149	600
433	600
525	600
399	600
549	600
21	600
507	600
403	600
272	600
8	600
315	600
323	600
70	600
10	600
567	600
275	600
513	600
580	600
222	600
53	600
364	600
251	600
208	600
100	600
514	600
134	600
432	600
300	600
413	600
23	600
277	600
30	600
303	600
30	600
396	600
455	600
440	600
417	600
422	600
223	600
140	600
432	600
330	600
559	600
432	600
52	600
431	600
107	600
297	600
72	600
223	600
248	600
386	600
415	600
595	600
559	600
552	600
253	600
287	600
575	600
419	600
50	600
34	600
105	600
315	600
137	600
253	600
37	600
60	600
543	600
429	600
482	600
296	600
14	600
591	600
434	600
312	600
377	600
391	600
323	600
150	600
74	600
356	600
450	600
346	600
535	600
179	600
235	600
55	600
251	600
127	600
443	600
42	600
473	600
306	600
262	600
262	600
372	600
571	600
172	600
102	600
369	600
372	600
127	600
200	600
542	600
398	600
552	600
434	600
444	600
571	600
559	600
477	600
103	600
520	600
272	600
114	600
454	600
37	600
282	600
253	600
398	600
467	600
500	600
5	600
313	600
577	600
273	600
580	600
492	600
442	600
378	600
273	600
134	600
126	600
466	600
432	600
172	600
347	600
85	600
499	600
209	600
457	600
233	600
583	600
403	600
543	600
447	600
22	600
345	600
77	600
499	600
404	600
8	600
519	600
486	600
352	600
181	600
538	600
245	600
353	600
308	600
238	600
386	600
202	600
575	600
280	600
592	600
76	600
371	600
371	600
477	600
142	600
588	600
442	600
464	600
115	600
233	600
285	600
81	600
577	600
162	600
134	600
176	600
233	600
278	600
31	600
205	600
584	600
305	600
329	600
279	600
25	600
306	600
19	600
528	600
556	600
2	600
270	600
341	600
551	600
552	600
241	600
300	600
168	600
394	600
245	600
6	600
332	600
446	600
215	600
427	600
351	600
135	600
341	600
213	600
544	600
283	600
375	600
285	600
16	600
505	600
588	600
50	600
272	600
184	600
22	600
248	600
412	600
466	600
315	600
60	600
535	600
575	600
0	600
414	600
276	600
206	600
276	600
367	600
590	600
78	600
567	600
90	600
565	600
371	600
405	600
239	600
222	600
285	600
203	600
466	600
509	600
394	600
181	600
107	600
41	600
419	600
97	600
6	600
317	600
211	600
524	600
154	600
183	600
476	600
358	600
151	600
414	600
564	600
476	600
296	600
485	600
109	600
523	600
592	600
70	600
75	600
172	600
546	600
165	600
142	600
120	600
520	600
274	600
391	600
65	600
213	600
146	600
447	600
490	600
526	600
531	600
266	600
196	600
578	600
434	600
371	600
214	600
371	600
531	600
249	600
457	600
141	600
276	600
55	600
21	600
99	600
358	600
578	600
292	600
1	600
193	600
259	600
385	600
315	600
500	600
500	600
563	600
173	600
437	600
255	600
300	600
180	600
139	600
114	600
128	600
177	600
285	600
439	600
149	600
86	600
38	600
32	600
166	600
385	600
24	600
487	600
251	600
325	600
538	600
220	600
161	600
104	600
408	600
160	600
562	600
296	600
550	600
357	600
568	600
38	600
320	600
112	600
491	600
308	600
152	600
335	600
28	600
210	600
229	600
421	600
85	600
60	600
148	600
453	600
248	600
104	600
342	600
147	600
217	600
116	600
470	600
245	600
128	600
156	600
253	600
568	600
351	600
9	600
188	600
39	600
428	600
213	600
5	600
534	600
427	600
482	600
430	600
286	600
340	600
274	600
60	600
105	600
20	600
122	600
0	600
436	600
234	600
504	600
256	600
573	600
273	600
19	600
117	600
210	600
469	600
121	600
339	600
160	600
332	600
259	600
371	600
93	600
586	600
341	600
201	600
21	600
320	600
506	600
594	600
217	600
459	600
109	600
63	600
279	600
493	600
450	600
462	600
26	600
282	600
362	600
171	600
425	600
360	600
493	600
483	600
349	600
187	600
314	600
32	600
60	600
381	600
594	600
366	600
428	600
127	600
115	600
248	600
497	600
351	600
408	600
48	600
198	600
78	600
566	600
202	600
306	600
244	600
241	600
91	600
402	600
281	600
476	600
243	600
533	600
91	600
264	600
284	600
141	600
72	600
364	600
374	600
280	600
127	600
483	600
1	600
470	600
111	600
339	600
478	600
381	600
131	600
321	600
403	600
145	600
64	600
593	600
105	600
143	600
381	600
323	600
498	600
72	600
574	600
546	600
332	600
283	600
381	600
423	600
21	600
451	600
173	600
562	600
547	600
176	600
532	600
208	600
17	600
297	600
565	600
472	600
375	600
335	600
407	600
151	600
311	600
124	600
406	600
331	600
31	600
506	600
580	600
317	600
176	600
57	600
427	600
71	600
378	600
312	600
505	600
69	600
586	600
21	600
513	600
297	600
161	600
575	600
322	600
14	600
58	600
464	600
470	600
358	600
175	600
1	600
169	600
135	600
392	600
429	600
508	600
0	600
154	600
383	600
245	600
345	600
88	600
72	600
581	600
32	600
265	600
328	600
278	600
296	600
413	600
22	600
94	600
444	600
317	600
259	600
380	600
418	600
582	600
328	600
150	600
338	600
42	600
599	600
268	600
541	600
139	600
79	600
397	600
259	600
469	600
522	600
557	600
332	600
575	600
521	600
351	600
176	600
293	600
415	600
253	600
363	600
333	600
466	600
385	600
320	600
283	600
358	600
198	600
518	600
100	600
299	600
160	600
352	600
451	600
503	600
213	600
350	600
484	600
287	600
438	600
40	600
507	600
118	600
158	600
355	600
400	600
104	600
391	600
260	600
185	600
552	600
275	600
586	600
435	600
182	600
325	600
184	600
399	600
460	600
228	600
336	600
413	600
295	600
121	600
75	600
232	600
363	600
110	600
92	600
518	600
207	600
587	600
52	600
593	600
520	600
366	600
128	600
583	600
346	600
318	600
120	600
283	600
41	600
333	600
377	600
469	600
493	600
599	600
353	600
29	600
235	600
571	600
314	600
263	600
384	600
357	600
591	600
139	600
88	600
293	600
500	600
373	600
445	600
472	600
27	600
188	600
60	600
288	600
505	600
320	600
218	600
459	600
15	600
541	600
188	600
453	600
75	600
199	600
259	600
467	600
503	600
81	600
269	600
573	600
97	600
269	600
64	600
479	600
458	600
322	600
90	600
53	600
123	600
341	600
45	600
216	600
320	600
446	600
62	600
225	600
400	600
585	600
228	600
392	600
157	600
20	600
445	600
121	600
294	600
259	600
580	600
284	600
549	600
14	600
111	600
296	600
490	600
156	600
285	600
324	600
541	600
111	600
365	600
137	600
67	600
75	600
201	600
119	600
48	600
140	600
426	600
91	600
75	600
515	600
388	600
18	600
135	600
492	600
354	600
124	600
357	600
320	600
405	600
119	600
415	600
538	600
285	600
135	600
448	600
495	600
514	600
584	600
111	600
479	600
324	600
512	600
178	600
355	600
487	600
403	600
358	600
410	600
323	600
243	600
117	600
292	600
223	600
476	600
441	600
338	600
45	600
282	600
148	600
215	600
393	600
0	600
258	600
271	600
59	600
382	600
358	600
539	600
244	600
494	600
393	600
294	600
101	600
35	600
418	600
96	600
554	600
94	600
167	600
580	600
350	600
310	600
297	600
191	600
40	600
91	600
358	600
544	600
99	600
536	600
247	600
86	600
564	600
26	600
410	600
459	600
36	600
545	600
290	600
443	600
573	600
163	600
90	600
560	600
538	600
511	600
121	600
334	600
167	600
428	600
502	600
342	600
63	600
7	600
53	600
537	600
540	600
163	600
474	600
211	600
560	600
544	600
490	600
305	600
363	600
250	600
306	600
48	600
46	600
357	600
103	600
452	600
363	600
306	600
507	600
553	600
368	600
241	600
497	600
34	600
136	600
11	600
32	600
515	600
529	600
50	600
284	600
173	600
45	600
31	600
458	600
102	600
8	600
224	600
105	600
195	600
328	600
172	600
590	600
371	600
115	600
460	600
48	600
168	600
98	600
232	600
539	600
181	600
498	600
51	600
528	600
135	600
203	600
69	600
297	600
369	600
570	600
523	600
321	600
32	600
273	600
396	600
490	600
191	600
183	600
346	600
472	600
80	600
538	600
363	600
395	600
480	600
279	600
404	600
155	600
230	600
212	600
265	600
372	600
96	600
270	600
75	600
536	600
169	600
116	600
270	600
403	600
571	600
556	600
86	600
522	600
341	600
515	600
358	600
373	600
577	600
424	600
540	600
172	600
597	600
482	600
44	600
365	600
243	600
480	600
424	600
595	600
31	600
391	600
433	600
442	600
541	600
38	600
316	600
263	600
13	600
405	600
252	600
317	600
52	600
356	600
232	600
130	600
192	600
320	600
248	600
152	600
183	600
104	600
289	600
287	600
285	600
190	600
595	600
399	600
304	600
304	600
268	600
276	600
441	600
278	600
595	600
18	600
578	600
319	600
402	600
424	600
310	600
260	600
537	600
225	600
489	600
430	600
75	600
349	600
582	600
579	600
111	600
398	600
319	600
435	600
190	600
366	600
412	600
569	600
115	600
470	600
35	600
308	600
548	600
433	600
24	600
62	600
372	600
416	600
265	600
244	600
442	600
150	600
193	600
244	600
377	600
163	600
63	600
525	600
421	600
350	600
210	600
304	600
599	600
500	600
75	600
260	600
101	600
21	600
263	600
295	600
377	600
589	600
360	600
328	600
116	600
488	600
95	600
401	600
327	600
111	600
471	600
75	600
46	600
487	600
1	600
313	600
386	600
24	600
128	600
79	600
137	600
499	600
416	600
91	600
75	600
205	600
296	600
473	600
516	600
248	600
545	600
324	600
25	600
433	600
474	600
528	600
401	600
204	600
42	600
309	600
489	600
379	600
361	600
262	600
116	600
558	600
514	600
280	600
390	600
212	600
361	600
102	600
563	600
391	600
213	600
297	600
344	600
366	600
483	600
76	600
13	600
580	600
407	600
5	600
246	600
413	600
535	600
144	600
549	600
401	600
486	600
102	600
86	600
81	600
1	600
210	600
455	600
39	600
233	600
580	600
569	600
282	600
526	600
591	600
431	600
366	600
205	600
45	600
410	600
314	600
102	600
562	600
174	600
547	600
28	600
461	600
381	600
566	600
185	600
99	600
422	600
43	600
382	600
214	600
18	600
21	600
172	600
43	600
19	600
157	600
322	600
65	600
424	600
31	600
499	600
413	600
161	600
92	600
571	600
323	600
148	600
462	600
598	600
486	600
354	600
354	600
421	600
361	600
18	600
536	600
574	600
526	600
455	600
462	600
582	600
83	600
440	600
298	600
342	600
77	600
180	600
486	600
87	600
228	600
383	600
534	600
236	600
310	600
582	600
125	600
411	600
399	600
35	600
21	600
159	600
54	600
597	600
334	600
509	600
427	600
232	600
414	600
136	600
461	600
228	600
206	600
243	600
192	600
381	600
101	600
219	600
387	600
542	600
533	600
335	600
487	600
266	600
555	600
580	600
492	600
57	600
477	600
505	600
518	600
483	600
508	600
372	600
60	600
556	600
273	600
104	600
233	600
84	600
92	600
220	600
283	600
193	600
295	600
160	600
193	600
372	600
25	600
334	600
26	600
133	600
598	600
67	600
201	600
412	600
524	600
521	600
588	600
109	600
112	600
130	600
315	600
47	600
455	600
451	600
397	600
425	600
33	600
371	600
70	600
281	600
463	600
446	600
542	600
203	600
13	600
346	600
419	600
474	600
235	600
333	600
470	600
110	600
357	600
377	600
51	600
306	600
178	600
85	600
42	600
144	600
114	600
434	600
290	600
196	600
353	600
135	600
197	600
410	600
360	600
89	600
215	600
221	600
66	600
138	600
272	600
164	600
196	600
348	600
297	600
299	600
510	600
491	600
419	600
476	600
390	600
116	600
395	600
111	600
84	600
246	600
113	600
597	600
479	600
524	600
568	600
29	600
526	600
11	600
352	600
362	600
76	600
598	600
119	600
433	600
418	600
252	600
390	600
82	600
488	600
267	600
95	600
386	600
375	600
563	600
292	600
467	600
485	600
201	600
3	600
473	600
203	600
102	600
519	600
465	600
556	600
364	600
520	600
24	600
171	600
341	600
473	600
557	600
239	600
47	600
42	600
460	600
411	600
472	600
436	600
280	600
390	600
338	600
314	600
572	600
473	600
194	600
415	600
399	600
166	600
483	600
346	600
338	600
254	600
362	600
590	600
590	600
291	600
334	600
294	600
135	600
516	600
415	600
277	600
183	600
279	600
416	600
564	600
392	600
344	600
297	600
349	600
162	600
232	600
29	600
308	600
517	600
465	600
437	600
598	600
332	600
5	600
207	600
377	600
582	600
263	600
279	600
59	600
442	600
513	600
399	600
38	600
302	600
460	600
126	600
208	600
420	600
422	600
451	600
442	600
570	600
494	600
61	600
334	600
300	600
443	600
569	600
67	600
472	600
322	600
438	600
158	600
550	600
134	600
200	600
326	600
50	600
50	600
319	600
225	600
584	600
314	600
283	600
37	600
282	600
144	600
46	600
174	600
496	600
226	600
78	600
78	600
173	600
352	600
326	600
564	600
267	600
387	600
449	600
371	600
154	600
505	600
290	600
490	600
58	600
246	600
538	600
556	600
82	600
284	600
135	600
238	600
396	600
274	600
413	600
94	600
183	600
571	600
235	600
195	600
112	600
406	600
461	600
55	600
398	600
203	600
266	600
208	600
185	600
149	600
49	600
494	600
71	600
570	600
37	600
488	600
530	600
471	600
234	600
263	600
465	600
592	600
570	600
252	600
250	600
534	600
65	600
221	600
161	600
178	600
273	600
402	600
447	600
269	600
395	600
118	600
33	600
474	600
235	600
81	600
180	600
235	600
22	600
298	600
82	600
72	600
459	600
530	600
404	600
110	600
571	600
580	600
277	600
595	600
430	600
328	600
110	600
464	600
228	600
79	600
531	600
512	600
28	600
240	600
449	600
213	600
108	600
289	600
482	600
570	600
54	600
337	600
399	600
522	600
172	600
418	600
24	600
55	600
552	600
253	600
251	600
551	600
490	600
62	600
343	600
561	600
222	600
182	600
356	600
222	600
169	600
422	600
546	600
290	600
384	600
537	600
394	600
289	600
437	600
459	600
308	600
382	600
599	600
486	600
277	600
39	600
285	600
35	600
277	600
564	600
383	600
525	600
587	600
366	600
442	600
441	600
398	600
117	600
557	600
33	600
521	600
218	600
316	600
449	600
65	600
75	600
361	600
265	600
478	600
221	600
553	600
120	600
164	600
291	600
250	600
378	600
37	600
308	600
160	600
192	600
92	600
107	600
214	600
501	600
544	600
456	600
527	600
145	600
500	600
396	600
145	600
55	600
415	600
113	600
250	600
105	600
477	600
528	600
90	600
475	600
433	600
516	600
381	600
437	600
461	600
324	600
51	600
129	600
400	600
558	600
270	600
349	600
394	600
495	600
168	600
195	600
559	600
87	600
6	600
363	600
502	600
529	600
580	600
522	600
204	600
528	600
254	600
180	600
378	600
148	600
249	600
420	600
424	600
188	600
52	600
133	600
532	600
126	600
310	600
449	600
267	600
338	600
501	600
486	600
59	600
333	600
432	600
209	600
211	600
312	600
298	600
50	600
183	600
472	600
468	600