254	78
132	357
362	492
230	0
345	119
578	391
428	13
27	329
93	315
469	282
265	30
490	16
358	364
198	154
170	417
379	560
45	477
546	581
301	555
503	105
132	597
471	75
448	283
433	396
302	346
446	454
452	129
6	340
138	342
0	43
316	63
46	374
383	21
11	255
45	243
482	9
271	156
444	155
214	394
38	495
357	131
556	328
351	214
470	9
489	428
462	243
235	281
298	519
152	193
116	553
495	135
267	269
198	121
326	19
410	271
117	206
46	178
124	51
229	242
509	485
485	344
105	405
26	458
522	574
428	565
144	31
103	388
462	385
21	366
424	24
66	54
580	503
11	76
410	492
171	377
169	10
396	591
503	109
406	455
460	289
208	284
132	219
488	389
111	377
56	401
151	301
56	178
261	484
513	35
209	590
389	446
484	158
513	182
27	112
107	331
459	146
302	220
491	251
407	423
274	201
28	452
390	7
336	368
206	298
509	396
365	125
406	261
523	379
512	295
506	369
157	451
266	526
148	352
441	514
464	197
339	452
323	269
473	104
551	443
529	413
378	412
530	357
339	108
211	253
429	264
455	180
151	355
502	225
77	572
315	205
351	60
405	207
19	158
493	550
97	471
83	433
196	221
77	154
384	540
94	546
260	363
446	262
558	54
595	126
325	332
332	102
7	240
6	102
247	469
269	60
346	466
49	553
431	165
466	313
64	372
465	100
186	38
164	570
365	56
454	547
352	292
577	483
92	412
312	397
483	244
262	271
53	597
269	267
503	494
572	77
176	501
568	296
265	428
253	564
449	214
361	210
10	168
13	16
588	460
425	535
595	465
587	337
479	7
572	201
264	550
359	571
500	78
302	546
135	200
275	584
14	588
137	8
424	300
236	303
193	406
227	81
92	215
216	480
196	314
338	568
127	15
16	589
559	17
177	398
415	8
292	83
567	389
497	488
52	284
35	590
167	11
555	55
376	145
98	272
455	578
234	139
78	567
482	489
534	258
52	583
349	455
348	152
489	453
367	280
484	500
518	368
180	337
413	141
381	565
44	547
597	588
178	231
347	209
249	379
589	158
226	434
93	208
54	11
488	170
30	34
251	208
303	113
162	500
149	103
86	158
347	583
417	3
37	73
41	40
442	485
247	128
329	363
500	201
62	192
79	501
257	379
421	317
540	14
509	79
399	568
311	584
226	447
376	404
262	219
188	34
128	53
33	477
339	134
556	133
257	388
283	125
550	463
286	589
25	258
115	47
511	117
508	582
422	39
158	507
35	209
513	330
512	398
343	521
13	150
163	464
498	186
112	531
119	170
539	157
209	393
109	135
65	242
169	30
449	292
183	491
6	385
258	475
389	452
20	111
508	169
500	454
302	78
393	70
241	31
22	89
40	288
434	516
408	363
139	99
434	433
414	488
36	565
485	323
12	420
269	587
282	201
11	555
384	453
291	551
433	403
325	365
467	554
108	233
290	507
340	49
458	266
176	423
305	554
29	333
103	401
102	282
12	555
60	291
516	10
250	333
49	594
467	478
53	19
200	547
113	360
554	588
7	276
0	532
377	468
30	245
469	447
410	64
398	554
308	34
199	105
177	170
374	296
404	70
466	383
66	165
475	12
8	536
589	578
491	274
440	71
468	79
127	139
422	576
451	284
53	172
132	326
373	594
172	432
132	347
79	59
221	356
594	435
474	57
239	408
181	470
394	438
467	366
124	128
94	455
41	35
61	141
152	598
242	26
414	248
383	159
439	530
14	540
459	115
132	523
41	162
41	435
475	38
271	184
229	554
261	168
83	532
399	225
38	556
531	333
450	226
538	271
255	80
168	200
74	334
435	130
416	309
180	598
262	27
77	24
56	437
104	312
364	563
599	76
10	260
173	448
75	587
423	48
98	161
465	300
19	50
281	418
343	164
506	50
137	217
184	146
560	190
66	26
26	43
489	562
353	331
499	431
100	214
140	20
517	146
155	197
354	241
196	599
194	283
527	180
455	411
508	26
274	55
16	443
183	226
201	575
294	316
211	373
139	473
212	337
131	310
34	511
259	311
87	310
302	518
510	407
443	567
213	588
265	303
382	118
184	146
292	63
542	331
302	359
362	494
507	225
24	154
195	461
90	514
382	137
239	98
83	536
50	111
407	189
370	119
432	176
129	128
292	94
340	188
515	168
294	106
6	146
73	464
74	292
282	436
597	293
183	154
388	50
456	432
254	63
368	597
561	276
270	351
479	369
516	36
444	244
315	441
175	119
369	238
59	63
337	490
104	166
437	43
131	58
465	405
495	303
23	68
238	487
11	37
104	570
267	454
94	481
365	366
588	11
85	79
361	35
417	520
12	297
394	351
140	396
537	508
92	225
116	440
202	541
100	220
419	286
76	190
524	536
96	55
399	332
480	536
208	275
263	234
147	352
404	196
413	291
548	383
435	169
186	70
570	441
325	193
292	34
564	17
132	232
528	190
430	77
590	355
510	556
56	123
403	520
334	317
216	459
166	443
407	59
582	345
546	399
194	472
176	24
334	378
455	354
449	592
140	210
540	358
29	361
574	320
247	102
29	503
41	417
27	28
276	428
515	253
493	36
310	341
569	285
487	541
196	397
423	336
317	374
237	461
42	95
598	5
483	508
260	268
550	313
335	341
591	342
45	254
297	548
551	371
373	14
185	462
37	515
157	188
22	79
134	450
184	353
76	270
364	127
152	467
425	206
325	244
250	366
521	97
247	34
31	367
103	37
155	242
543	520
41	590
353	0
306	539
12	140
179	567
140	196
556	141
366	229
283	131
531	25
210	537
126	11
267	277
27	312
102	492
453	569
573	563
164	333
85	371
26	203
193	491
433	69
180	63
595	281
491	367
132	129
141	490
40	570
592	49
125	321
40	400
300	313
110	247
290	50
588	471
213	99
185	303
541	112
69	486
393	111
314	147
547	524
5	57
473	476
192	590
225	262
333	59
280	141
185	421
159	339
570	329
522	400
510	495
302	336
354	149
559	442
236	165
171	396
502	505
79	308
520	322
348	145
136	31
197	113
512	107
271	532
188	31
277	509
294	423
447	56
8	409
543	367
365	471
561	398
197	446
540	591
172	135
336	512
69	282
550	304
104	243
470	241
341	501
145	134
251	66
181	150
322	341
406	153
345	526
23	527
221	516
285	280
335	554
299	30
113	112
111	438
237	114
385	334
217	293
91	464
83	373
170	116
260	541
400	357
244	94
202	538
99	192
45	20
415	534
24	350
519	491
86	184
115	35
394	87
309	221
375	143
208	300
228	64
339	365
376	350
34	130
455	298
546	461
145	110
63	281
467	342
468	289
245	226
429	36
175	248
508	112
192	366
431	235
525	333
114	553
219	353
567	176
1	29
558	39
508	515
386	53
16	1
51	382
288	111
137	415
27	109
443	195
211	306
484	254
539	287
270	310
596	545
326	18
452	333
420	235
364	543
334	567
212	459
104	76
85	372
217	385
130	466
5	288
348	374
107	376
577	25
442	407
248	307
29	181
324	424
552	251
523	53
133	363
57	392
48	329
502	260
403	38
408	483
279	453
342	55
408	598
459	369
155	41
131	459
102	229
502	25
316	110
429	521
116	556
533	419
158	80
391	380
33	106
106	181
43	45
22	328
454	68
446	346
147	230
457	228
119	525
132	524
38	437
312	576
0	455
99	410
414	517
574	311
593	392
58	482
192	341
400	206
299	550
436	400
297	36
533	154
498	98
372	412
514	30
542	102
43	560
399	512
597	229
5	34
21	485
558	159
511	456
591	324
289	567
179	431
38	255
212	34
308	24
504	567
83	340
387	406
434	379
165	553
559	123
288	568
538	261
345	144
534	498
344	335
502	501
21	227
145	321
17	544
113	579
566	504
557	35
100	212
520	588
2	65
582	579
405	526
220	60
271	18
57	247
583	458
268	306
296	168
235	520
49	7
293	167
9	547
589	479
221	213
283	334
88	316
185	425
158	56
175	445
500	375
227	124
335	186
576	323
439	226
106	31
152	244
4	407
590	372
214	85
122	237
374	503
157	142
185	106
127	345
62	502
373	269
80	252
509	339
111	91
487	229
473	322
225	10
201	297
415	479
532	432
182	447
421	425
436	155
36	113
533	5
527	97
308	30
477	235
556	80
267	272
466	37
461	574
394	558
162	439
18	88
204	372
390	144
491	384
377	319
366	546
164	529
325	3
191	16
565	589
434	141
497	132
510	214
89	102
404	467
426	549
577	131
34	390
382	139
558	34
376	6
321	514
320	121
195	63
56	181
445	295
104	135
356	108
517	172
498	366
254	462
68	57
434	516
584	449
497	149
240	201
205	4
484	108
4	592
151	579
141	483
480	596
37	50
506	259
229	59
338	323
186	66
598	565
424	215
517	401
388	505
358	155
476	222
432	540
253	50
547	393
482	596
330	17
91	113
318	447
113	120
496	567
364	4
314	278
288	352
306	27
130	476
524	305
10	582
187	486
495	388
276	286
161	486
304	176
103	249
44	522
549	301
422	369
170	511
237	56
28	411
45	433
544	18
70	434
394	369
89	231
549	170
190	70
311	267
173	591
556	157
191	337
238	23
544	242
22	120
227	127
249	404
369	537
474	182
296	185
96	515
205	10
20	167
334	348
17	529
101	401
256	473
556	96
454	162
162	311
469	491
408	382
452	215
363	367
59	44
470	337
360	385
291	219
159	88
485	381
130	459
405	483
188	563
456	91
171	371
193	573
370	211
208	226
440	0
102	437
185	401
76	415
118	357
312	415
187	568
490	198
317	108
9	447
127	532
229	389
232	292
265	232
578	460
303	103
457	244
7	89
53	385
358	255
326	500
127	568
532	492
48	528
137	426
436	435
75	547
488	340
233	291
452	594
216	427
89	345
315	245
201	110
358	495
543	452
69	139
484	229
174	239
339	578
391	328
98	171
165	137
381	282
34	178
224	401
322	140
457	228
418	112
320	369
414	391
485	444
390	28
12	495
452	238
334	175
404	82
471	225
40	237
304	531
239	166
121	336
58	418
93	59
19	562
281	389
434	518
26	305
181	5
202	68
290	68
463	106
133	180
128	403
577	593
133	461
277	356
146	491
460	18
567	579
16	453
191	414
477	80
275	224
462	504
19	487
78	318
464	424
196	482
529	60
316	217
0	170
310	110
295	519
406	55
469	280
447	406
583	328
236	48
468	52
365	259
234	292
210	24
31	453
47	287
293	369
516	106
436	431
128	250
237	223
146	574
129	238
467	578
588	327
403	371
26	131
206	200
580	7
451	277
542	52
305	481
280	548
270	448
511	136
166	355
343	335
132	194
224	536
16	499
10	520
253	516
255	143
6	45
499	373
596	209
114	538
478	459
542	451
446	454
51	377
172	412
154	299
1	504
278	475
586	423
174	46
335	424
303	237
151	445
310	577
10	553
439	156
3	585
37	322
439	376
582	5
502	147
473	272
189	123
287	179
510	56
204	174
109	322
40	281
223	363
582	40
409	73
441	172
274	359
206	35
302	459
562	394
536	578
512	441
420	424
511	508
358	580
126	562
50	415
413	535
393	309
426	260
524	68
4	206
441	234
279	484
583	43
596	226
207	15
36	154
121	362
514	42
320	101
154	104
403	491
554	210
33	214
131	307
512	551
387	480
186	132
139	344
133	539
128	25
526	389
361	328
57	422
387	528
567	113
460	284
588	40
434	383
475	249
487	520
537	149
564	124
83	274
455	12
341	56
74	29
377	96
481	549
447	471
520	11
119	171
559	304
472	101
307	162
548	100
433	352
306	490
170	527
471	296
222	554
235	413
22	280
68	267
522	520
449	378
91	319
188	78
183	346
436	60
503	559
382	322
550	429
24	388
408	565
331	322
588	64
426	79
584	383
587	564
416	138
16	435
322	472
226	496
593	397
52	177
315	434
399	151
193	166
103	172
395	9
305	148
382	169
167	409
460	382
226	166
190	473
91	549
447	314
398	252
296	237
171	585
275	86
490	255
87	204
450	489
272	265
279	563
7	370
38	184
205	73
397	37
392	88
508	340
287	552
2	85
64	527
6	40
436	496
467	486
387	500
438	165
289	103
111	585
460	358
122	55
257	316
377	125
234	483
328	406
407	135
340	281
166	534
329	401
288	260
374	424
249	283
519	252
131	0
15	235
368	569
488	299
466	274
497	442
50	6
506	36
505	131
47	139
293	6
319	25
371	342
432	568
462	117
72	155
562	584
202	30
376	335
52	119
390	152
345	184
537	230
559	100
98	79
7	439
2	252
469	475
539	249
243	364
525	140
46	253
130	2
4	108
319	453
497	208
487	458
429	131
117	238
35	290
101	273
360	297
440	259
398	451
467	538
429	248
163	78
421	591
223	107
386	122
249	246
468	113
122	267
297	271
121	587
394	577
80	187
591	445
156	463
15	391
439	93
129	214
227	38
128	493
236	352
214	229
291	102
176	207
35	209
266	128
186	79
207	574
102	506
422	327
177	356
596	424
450	334
571	339
65	432
92	242
119	538
478	127
496	17
90	14
598	102
58	42
347	248
142	412
370	490
379	499
27	415
105	157
393	537
479	347
162	369
509	154
43	120
213	446
484	444
270	185
551	79
351	273
81	169
421	336
562	382
321	109
223	387
185	223
401	145
25	282
121	443
30	202
459	516
479	148
36	202
384	589
586	392
380	289
382	119
294	549
224	467
228	177
584	124
441	349
300	347
533	204
515	381
4	382
212	28
584	567
4	256
147	453
330	396
357	287
65	325
198	272
146	574
264	91
146	206
44	33
63	83
168	453
411	536
234	433
499	562
20	409
102	80
172	245
101	56
486	205
572	55
528	117
482	360
50	383
586	22
224	495
502	69
541	442
477	338
149	160
138	314
343	456
497	416
526	194
109	145
51	496
235	345
401	70
349	512
540	145
132	439
278	4
197	12
488	453
278	302
281	94
230	210
62	303
222	307
390	128
176	512
409	268
522	528
173	138
31	513
196	229
195	373
333	347
392	429
309	483
505	280
10	463
475	284
476	225
315	318
344	90
288	84
330	470
94	135
447	147
244	222
437	552
51	205
367	153
555	365
152	225
147	124
211	153
37	397
365	180
260	595
0	397
98	583
364	392
355	106
292	517
24	500
275	116
16	394
273	490
417	309
541	1
535	351
537	69
415	281
533	403
299	0
441	172
338	319
2	271
235	229
552	85
174	263
178	38
599	344
454	417
520	364
49	240
482	108
375	50
15	564
160	82
319	97
39	100
420	78
160	168
60	229
262	391
268	98
462	66
28	347
139	435
442	268
367	99
54	544
10	274
256	521
442	501
97	440
272	577
236	136
203	469
474	437
107	382
380	202
187	125
353	512
188	59
197	258
227	332
386	181
102	25
405	222
0	463
311	347
278	270
414	235
445	44
536	113
34	23
516	244
38	153
205	490
284	5
235	50
9	105
55	393
374	588
43	597
429	350
525	501
366	383
422	305
404	111
10	150
65	213
70	433
138	91
81	493
328	55
233	488
453	52
28	192
368	214
487	82
204	85
181	283
547	225
552	279
554	156
157	567
202	277
279	120
323	0
323	382
108	362
547	384
19	483
466	348
597	324
459	467
347	152
518	503
594	31
487	585
501	365
252	56
185	306
212	364
229	10
263	512
4	173
333	77
88	80
575	291
588	154
324	594
29	19
249	103
151	246
593	235
512	64
188	453
563	57
47	552
596	479
456	367
507	201
283	556
446	401
86	440
391	363
254	60
239	394
308	303
221	298
408	296
0	168
184	19
436	533
589	17
332	273
386	215
397	85
497	529
59	113
484	7
59	283
253	597
243	265
515	65
433	598
441	406
319	120
85	437
80	195
74	499
506	598
554	213
376	410
155	143
34	427
52	485
283	72
245	273
23	460
457	179
199	375
529	311
274	182
565	327
530	62
161	489
433	457
243	220
342	183
373	156
223	93
19	149
180	347
442	340
174	583
578	176
266	528
250	415
430	325
575	78
167	155
120	441
52	261
65	352
43	198
418	506
550	314
428	171
570	346
183	345
292	30
403	189
79	125
297	548
582	33
36	141
194	565
546	37
545	224
289	422
117	547
360	30
4	574
259	459
72	265
554	349
501	534
359	548
594	468
354	272
598	69
90	344
65	113
570	498
436	188
590	553
493	267
465	92
539	460
61	386
467	251
277	196
277	473
426	339
342	494
80	137
498	535
237	115
21	547
510	43
591	559
181	309
114	490
538	247
377	274
245	435
463	197
438	33
232	380
545	381
384	506
209	17
302	66
424	35
413	278
48	326
55	300
233	446
478	219
271	269
505	539
343	235
279	234
327	66
203	355
559	407
540	81
184	132
199	50
535	179
283	486
165	437
281	503
54	345
78	410
252	160
551	363
568	364
392	311
109	577
377	211
345	396
149	362
136	568
104	75
127	415
140	393
249	477
336	59
321	153
366	452
373	141
191	78
92	236
582	247
324	587
197	14
138	184
432	279
583	111
180	489
467	324
443	280
296	146
224	6
126	162
137	461
462	7
558	0
30	166
468	503
368	404
389	65
303	167
184	188
351	406
489	200
551	572
317	289
198	360
309	531
143	96
68	200
139	508
446	405
186	15
263	283
573	239
565	201
386	278
419	470
13	465
514	100
248	318
198	464
127	74
227	342
306	576
259	218
296	518
13	585
460	257
242	550
207	361
367	328
226	56
106	16
69	587
76	137
169	219
130	312
95	581
295	555
179	357
377	246
568	162
222	360
321	330
475	572
2	542
168	123
233	137
452	591
187	58
81	499
391	465
468	182
465	133
187	286
333	443
219	25
529	332
389	526
413	318
156	250
105	458
173	583
131	61
267	31
211	544
7	110
581	418
489	141
443	174
429	323
76	207
12	182
589	63
518	215
19	343
513	44
410	153
25	510
580	17
332	107
361	106
264	270
424	85
164	426
160	348
512	198
197	52
433	98
26	513
493	471
239	19
223	253
255	462
360	78
393	520
163	47
553	28
242	375
579	275
386	344
387	170
112	483
51	534
30	312
530	372
502	563
413	501
434	545
13	375
270	26
342	31
555	497
215	105
552	126
402	562
399	444
305	421
81	286
555	162
343	285
74	349
222	341
570	434
358	181
289	478
63	461
13	496
129	458
326	95
182	101
10	29
46	386
198	9
103	35
136	306
95	76
246	391
184	554
82	108
110	285
61	175
328	269
140	593
424	352
348	88
361	489
446	48
476	141
486	1
159	206
582	108
475	298
506	552
456	38
24	177
287	420
326	456
251	564
295	389
173	231
163	569
427	334
330	320
429	537
349	419
411	268
58	124
374	131
514	474
202	422
152	469
76	567
104	219
542	112
361	449
484	90
289	325
210	25
275	328
436	467
199	369
561	399
255	228
549	2
322	410
594	12
39	346
298	129
175	453
348	20
494	215
544	390
472	290
225	556
285	60
270	166
472	416
100	468
362	554
468	347
237	548
228	37
264	230
205	567
486	274
81	68
187	541
351	78
13	410
412	140
370	1
471	496
172	348
0	23
534	489
22	315
417	484
77	382
527	380
281	52
451	422
1	11
163	135
594	79
492	218
255	582
233	321
314	282
199	400
154	93
167	462
593	518
208	45
488	57
153	112
129	45
297	460
89	7
171	559
368	20
33	582
86	52
483	570
580	282
116	402
436	64
522	380
318	223
40	324
89	436
377	31
290	398
115	82
331	219
518	499
307	322
160	401
566	84
366	584
569	588
409	284
420	509
58	215
580	435
595	493
124	513
28	516
447	378
527	74
461	499
288	582
216	405
380	280
265	160
229	405
372	19
368	171
333	489
268	323
581	213
46	188
557	230
477	203
573	77
63	440
434	555
422	13
354	368
187	48
13	70
597	543
226	52
334	571
290	118
371	540
181	458
325	428
344	125
137	33
512	20
296	26
382	63
203	410
494	15
24	106
437	224
569	505
446	322
311	303
386	282
251	87
2	453
28	195
234	300
194	233
203	18
174	594
45	163
476	11
96	255
294	133
581	76
6	96
326	490
183	140
62	39
57	159
358	531
47	211
525	117
223	327
19	596
293	581
219	467
228	332
203	164
186	548
25	85
519	478
363	111
402	558
267	75
160	377
286	455
546	208
119	398
330	519
132	326
393	23
212	99
272	335
148	257
313	586
253	174
505	57
460	214
532	217
14	112
301	319
237	574
241	464
371	314
303	518
322	595
126	476
333	415
418	314
447	514
29	204
302	205
566	181
307	258
417	161
265	204
3	319
456	283
224	270
117	477
18	271
304	456
104	407
449	147
153	432
375	61
251	422
95	245
109	132
269	480
405	529
226	537
494	493
195	563
258	13
41	170
8	190
378	80
426	230
44	275
470	518
353	243
391	547
3	562
55	132
326	116
35	238
4	229
115	227
449	82
165	402
484	239
500	559
422	112
522	507
426	19
199	270
169	578
125	505
256	151
378	408
105	369
297	492
331	267
397	47
583	210
251	144
544	551
139	551
462	211
482	491
31	79
272	494
538	390
353	226
210	18
570	124
371	219
537	399
364	494
585	460
232	466
377	21
499	470
360	49
94	406
504	201
96	12
220	457
569	514
134	259
531	142
362	389
263	407
145	306
169	372
426	262
82	212
35	323
584	32
176	65
476	436
374	123
215	436
287	188
505	147
58	535
136	87
102	206
418	401
347	579
472	88
445	18
535	429
101	215
507	544
318	524
274	458
65	491
114	516
254	474
128	501
32	252
134	145
259	27
520	420
204	556
460	398
37	571
107	56
555	581
128	100
6	237
380	275
21	414
572	105
132	159
240	26
387	564
288	240
252	25
372	268
400	465
505	274
414	421
443	97
17	185
556	79
93	184
79	492
110	15
337	349
181	271
245	129
320	388
130	200
549	27
388	534
3	480
323	415
301	565
235	293
563	510
81	45
366	361
95	248
400	260
309	477
126	191
76	580
412	480
432	125
35	277
113	286
529	12
198	371
77	30
47	16
349	586
5	490
166	157
320	516
127	175
316	454
363	234
257	463
537	556
142	427
369	547
26	199
245	8
486	241
146	300
490	173
162	215
275	570
296	551
245	380
263	485
347	330
254	460
320	95
348	99
321	62
340	34
241	134
245	129
520	373
489	3
113	337
288	353
151	546
368	411
571	283
491	482
476	47
573	553
548	464
545	50
3	82
271	589
571	70
36	394
135	531
126	576
88	583
457	390
477	556
443	94
190	205
177	194
165	583
484	214
338	277
76	301
490	291
271	64
331	564
493	585
310	535
83	38
210	564
187	120
553	501
332	547
185	503
587	152
33	80
406	206
173	2
376	200
385	557
31	367
30	251
118	432
580	309
422	169
148	19
176	492
191	457
408	14
289	141
375	129
564	428
151	110
467	580
427	574
156	484
331	583
352	384
121	564
490	385
59	13
401	185
245	414
284	44
138	291
97	274
191	377
538	289
596	104
333	271
8	261
135	597
72	171
76	351
563	369
93	39
245	95
214	146
150	50
299	90
462	303
359	427
272	52
336	505
464	570
162	118
122	255
94	370
433	56
111	83
104	195
2	228
400	538
599	577
479	595
392	40
193	53
556	123
558	94
481	514
288	407
476	374
575	569
22	32
298	16
69	504
132	589
547	490
209	458
47	282
52	7
239	552
518	153
375	415
381	58
48	511
359	348
536	10
89	446
361	20
112	257
41	251
235	437
262	222
499	180
532	514
145	584
356	151
218	392
106	458
233	541
59	468
585	43
497	207
165	308
349	80
351	126
280	552
553	349
126	412
3	131
167	453
49	51
363	378
536	269
386	89
206	139
445	4
419	354
140	520
367	181
37	401
65	164
262	418
482	129
327	328
396	243
575	262
570	531
441	267
581	60
130	239
367	192
202	301
48	445
517	330
427	486
181	588
413	414
582	141
97	47
389	447
58	296
262	145
78	590
249	392
452	65
295	377
394	87
303	330
213	350
120	128
509	171
586	243
36	592
53	358
44	49
357	555
26	63
489	91
555	406
271	139
569	385
581	506
1	333
462	527
221	339
360	15
425	431
118	364
588	182
103	25
229	76
257	169
319	395
363	24
19	256
127	290
17	119
264	399
290	118
53	160
196	551
25	499
11	136
415	49
569	244
383	201
442	548
271	518
390	512
321	163
579	47
405	239
399	95
83	164
111	590
71	569
143	471
145	151
463	448
559	0
85	535
146	539
269	373
458	124
106	539
383	473
487	353
221	560
351	430
499	3
469	249
416	134
465	541
538	223
376	436
212	547
535	346
411	154
547	426
574	177
471	423
584	357
531	232
596	271
158	270
587	243
552	66
4	162
359	511
153	408
588	327
105	120
16	58
152	427
408	393
23	143
306	32
57	588
187	529
100	194
503	501
136	582
572	350
303	171
580	457
161	358
285	31
539	34
54	410
547	145
344	436
50	564
278	162
270	185
491	192
379	556
47	295
310	465
397	489
406	525
460	253
183	68
224	526
388	284
109	86
360	89
47	327
521	498
248	418
562	185
335	465
340	584
441	326
416	543
151	511
219	258
4	569
415	454
481	65
73	340
495	226
12	326
89	200
402	247
547	531
554	599
226	263
467	364
386	336
299	572
598	291
388	31
351	152
196	577
348	420
95	61
483	26
243	85
241	121
472	566
588	121
434	520
282	63
356	411
21	393
75	541
486	43
340	408
546	495
163	257
357	122
297	402
122	35
537	226
541	280
423	330
349	121
589	272
9	181
60	472
190	515
507	214
90	121
223	257
536	88
55	241
216	193
83	153
234	448
433	216
415	446
459	129
45	318
400	82
357	157
181	249
210	196
456	290
560	129
345	534
478	257
70	174
369	187
353	501
23	478
248	587
149	10
520	494
221	180
431	82
184	43
357	81
500	23
430	558
2	593
119	491
207	437
34	491
44	365
79	194
132	375
441	288
425	159
371	580
372	103
37	469
479	82
583	556
184	16
168	301
541	219
11	53
543	169
455	541
309	258
458	516
533	537
329	299
112	160
599	425
403	452
463	175
150	39
599	390
131	252
155	148
509	141
43	390
187	408
235	279
311	464
309	359
135	160
556	119
447	138
31	256
408	182
169	171
113	502
113	35
321	558
227	423
542	433
482	547
158	374
240	14
279	193
43	327
325	422
46	0
88	33
417	173
86	161
134	422
572	291
266	391
173	594
19	192
132	75
412	417
516	487
218	206
482	178
130	472
11	129
338	395
528	216
72	92
274	177
299	371
307	313
596	502
275	100
192	518
323	281
29	218
98	592
454	17
98	303
181	6
22	76
324	36
74	197
545	408
279	171
123	342
530	93
69	516
575	545
446	99
567	421
1	579
467	500
8	582
428	396
585	453
281	515
90	38
588	10
382	255
10	530
196	245
76	451
112	277
38	68
176	67
172	508
341	73
468	295
572	103
444	316
208	537
513	251
550	598
145	572
389	308
478	10
447	409
295	391
441	13
564	585
267	331
549	498
204	590
232	37
389	544
110	332
104	446
9	255
485	135
148	407
264	515
383	584
331	193
421	597
148	72
556	349
258	223
536	331
121	40
460	35
496	30
142	440
571	480
78	427
378	598
563	230
237	184
466	599
442	486
420	200
509	210
306	51
27	26
471	186
10	473
395	228
528	245
392	508
87	387
115	444
402	134
160	23
599	543
258	371
353	207
534	181
416	263
194	591
519	232
80	548
498	391
201	325
2	248
32	68
335	75
36	308
553	572
281	252
2	348
347	41
355	398
528	392
586	20
297	485
5	519
309	373
302	157
275	248
210	532
393	339
191	165
206	26
82	508
304	178
331	276
330	507
550	343
126	109
430	395
195	498
135	232
395	217
248	326
444	203
20	444
321	502
492	419
4	135
490	305
586	412
484	113
331	583
99	511
484	399
392	537
3	401
74	385
70	404
206	256
473	529
427	61
322	441
168	458
306	312
93	463
251	368
563	224
568	17
537	49
430	379
36	539
261	454
378	534
570	81
570	278
285	247
588	410
289	487
297	7
301	242
326	291
423	104
99	573
584	139
522	18
63	229
62	347
478	190
298	554
547	397
402	227
356	375
346	160
515	294
90	76
409	497
106	433
282	313
312	316
316	43
259	14
245	1
178	558
585	340
38	538
381	20
553	565
275	295
58	10
266	64
263	478
96	143
229	428
215	599
166	250
386	412
327	344
483	491
533	569
514	20
428	162
339	322
364	447
261	147
64	421
179	330
356	466
537	298
234	456
220	261
321	489
526	547
547	77
260	230
506	406
366	226
54	164
395	362
261	69
111	197
39	76
98	120
157	378
485	21
510	370
115	353
158	486
274	395
27	208
110	279
444	131
208	19
513	535
384	193
490	578
108	419
253	324
171	165
46	332
18	204
541	158
578	109
255	94
373	408
242	445
83	106
98	306
261	178
56	77
477	499
325	420
288	216
11	48
561	31
580	538
308	588
370	95
339	486
58	211
208	326
589	306
512	379
589	185
72	291
176	338
591	212
60	566
536	329
248	261
10	408
458	466
517	240
298	346
75	479
330	322
265	25
528	384
273	262
402	26
374	314
421	435
314	272
18	548
399	232
254	143
456	117
332	310
460	100
337	370
255	262
547	272
340	454
303	142
586	86
37	219
122	428
3	20
315	250
3	298
42	403
105	193
521	425
526	588
42	588
466	204
249	221
481	583
291	360
285	557
463	352
347	542
128	292
341	56
564	519
555	588
364	142
383	223
135	226
316	415
525	285
130	491
342	97
529	317
61	580
510	92
548	416
23	81
221	159
287	131
106	203
319	318
529	299
378	430
592	226
82	10
353	122
188	436
42	558
21	5
91	60
392	236
157	225
341	423
492	391
503	34
384	90
202	60
414	80
302	490
182	462
341	155
264	287
573	546
48	215
387	98
395	438
253	356
517	361
33	571
337	378
95	161
556	359
231	402
278	88
185	286
526	450
464	301
129	57
337	322
550	506
86	482
89	14
209	174
26	74
63	131
321	363
283	83
521	104
292	549
390	88
365	175
108	233
382	195
581	474
44	216
71	129
498	191
264	414
66	446
94	129
564	306
176	63
593	565
386	271
28	159
129	74
270	168
428	17
285	515
466	465
81	87
534	65
259	207
236	116
258	337
591	42
242	180
104	553
3	322
557	496
476	205
147	116
554	206
210	420
273	96
324	303
549	299
97	366
5	413
418	507
253	323
223	264
55	413
391	293
373	431
196	105
86	323
161	521
155	156
193	351
324	390
270	546
563	385
386	51
349	100
325	544
464	103
27	489
166	352
33	319
549	295
268	260
152	61
87	14
117	135
335	486
83	209
180	397
152	165
558	181
205	218
313	413
559	593
231	471
507	227
457	531
21	391
298	583
444	536
263	174
349	578
550	308
379	549
19	260
96	90
217	104
43	202
395	288
582	366
287	535
586	145
179	182
449	338
368	555
136	94
327	269
319	66
76	574
487	198
566	443
535	236
447	312
498	48
527	572
520	82
223	500
535	574
52	76
7	397
483	55
47	564
131	567
599	554
83	368
563	576
337	135
104	257
404	417
94	280
479	510
450	312
323	340
207	150
231	215
17	275
263	430
77	271
422	201
504	263
152	598
523	159
521	147
584	114
588	54
251	494
153	521
408	53
303	105
525	277
249	509
75	121
119	579
199	97
12	382
119	509
504	284
347	39
433	572
242	389
347	348
22	206
89	353
341	196
86	176
317	231
301	169
562	547
489	355
399	496
546	290
424	7
277	461
575	412
246	548
283	350
284	399
329	324
146	114
102	10
430	101
306	112
239	375
130	52
168	202
27	454
139	465
254	473
540	54
28	194
195	417
383	472
493	83
50	180
472	17
302	298
425	587
43	133
132	340
503	440
543	172
142	113
188	400
222	272
73	315
69	541
461	350
233	184
25	484
20	274
392	105
170	233
68	344
81	552
79	314
476	308
284	20
12	291
136	266
403	480
143	256
94	177
359	504
190	18
467	477
147	434
285	494
118	74
556	374
209	518
85	568
398	348
577	295
321	242
323	420
42	508
508	465
19	170
317	418
210	200
184	51
499	296
124	540
358	154
435	266
320	243
449	351
89	531
411	593
25	344
282	488
191	553
595	273
320	437
372	0
288	313
420	130
545	536
424	176
381	428
494	591
425	323
167	429
144	462
70	398
208	107
416	212
86	146
583	245
201	332
287	70
453	383
19	278
279	278
77	69
488	37
201	235
176	219
28	157
384	112
70	569
243	262
289	91
226	259
237	65
307	12
42	265
461	6
145	66
187	158
368	559
578	249
336	352
465	557
596	563
276	414
303	480
205	332
130	290
40	458
554	401
40	50
146	164
219	91
146	59
295	12
364	307
288	107
318	155
496	6
273	427
457	451
269	477
394	315
103	467
347	328
512	376
302	16
579	531
44	178
538	277
529	213
437	524
94	303
529	256
473	275
153	434
187	444
284	325
94	462
251	36
264	428
284	299
232	99
591	266
380	310
549	12
589	91
16	270
512	210
68	506
465	462
112	403
38	380
464	179
453	561
194	177
147	184
106	414
114	408
453	382
254	35
487	28
173	299
361	373
361	344
26	455
83	165
321	187
165	512
516	5
251	175
264	252
343	544
494	213
273	161
590	442
599	238
547	528
454	105
83	174
429	428
337	25
338	410
112	372
484	579
294	341
29	326
530	395
209	89
28	99
255	300
280	58
99	571
519	77
429	202
362	284
490	387
371	269
28	498
66	484
321	546
240	400
365	129
164	249
53	542
192	182
154	251
87	571
165	5
165	511
309	112
490	531
186	352
93	455
165	290
42	31
534	481
279	346
161	444
57	571
94	244
269	112
140	596
349	216
434	537
258	554
522	329
297	464
202	288
139	522
455	133
540	279
512	331
176	343
324	203
357	531
282	271
393	254
259	305
465	301
390	2
234	57
464	207
32	230
517	326
361	515
439	134
109	250
266	460
173	2
546	514
532	199
250	66
6	156
90	480
420	398
404	69
553	353
395	176
317	481
80	39
443	87
554	35
256	595
497	569
3	248
208	205
435	459
221	217
530	229
197	483
580	592
465	213
587	398
63	14
435	5
479	198
245	127
155	430
2	558
417	118
78	429
456	568
542	57
589	105
439	302
265	272
597	174
16	87
52	196
329	183
535	407
477	184
499	338
334	21
350	504
429	158
305	389
256	159
112	47
366	438
442	179
112	330
505	452
431	470
376	431
380	237
380	594
487	384
88	346
135	131
305	340
234	293
282	539
483	350
501	200
358	203
471	464
296	557
535	287
503	551
155	338
571	438
558	506
185	283
450	325
250	100
78	342
132	569
148	4
476	377
66	169
383	517
522	553
148	492
136	538
167	62
248	122
36	381
98	236
574	196
427	421
244	587
513	443
254	219
298	252
242	452
546	420
141	135
119	217
384	101
594	369
537	78
69	411
387	349
283	507
275	248
321	262
87	422
271	261
325	154
434	95
150	164
305	471
125	366
114	533
424	219
505	584
282	419
92	361
322	164
366	491
251	35
174	550
313	32
171	498
85	63
422	441
45	35
212	325
315	237
215	497
360	458
128	60
157	226
387	559
54	525
102	376
548	392
263	103
213	77
498	518
425	545
356	309
508	278
94	499
83	113
545	17
141	558
411	472
328	391
540	3
588	523
472	527
192	36
336	462
319	441
63	355
366	305
206	488
413	473
556	116
472	181
446	352
113	67
543	496
204	141
116	399
343	572
70	203
587	578
77	375
347	400
86	55
88	286
289	462
150	57
25	396
31	126
248	92
170	309
519	377
216	552
471	280
243	403
135	360
75	390
434	406
429	390
276	325
170	10
25	291
282	256
202	383
492	271
581	15
67	128
335	309
134	558
225	185
588	556
293	154
89	53
483	574
186	135
572	402
145	209
154	499
222	443
530	546
186	269
367	389
432	64
556	27
203	272
558	224
366	475
404	406
132	67
243	500
13	47
514	392
25	368
39	1
148	215
533	272
102	148
587	516
294	225
561	84
418	28
457	591
245	564
512	535
342	275
376	116
537	42
195	149
165	242
46	178
537	398
528	197
491	415
301	446
471	279
91	414
40	126
344	363
582	315
246	266
372	162
485	146
404	492
347	429
466	356
138	506
34	86
182	557
519	506
273	153
361	382
501	292
433	593
198	56
84	44
425	513
426	259
117	218
26	217
517	514
516	266
14	580
138	249
459	341
499	410
243	127
398	90
252	330
128	298
102	513
251	291
374	434
251	435
397	303
349	93
85	386
518	599
560	182
373	525
476	368
582	323
287	564
460	255
59	316
2	437
158	139
167	444
88	8
276	533
514	470
458	324
96	592
101	176
370	554
191	76
365	299
426	128
144	102
446	257
478	199
491	420
96	338
68	363
404	168
472	542
446	179
286	499
505	585
20	544
425	21
44	236
64	192
476	509
236	23
48	413
546	206
582	86
273	234
22	28
365	292
452	570
38	234
252	548
228	95
48	235
297	443
377	32
28	277
463	0
69	260
143	213
522	301
408	197
461	135
226	451
311	74
540	452
70	430
16	292
510	424
293	63
583	391
224	67
538	285
377	402
9	41
37	110
410	41
445	333
16	404
50	44
55	54
580	56
522	5
14	199
250	576
567	261
220	367
103	555
48	37
3	290
2	506
128	124
63	517
112	371
150	511
36	12
416	338
71	483
173	481
410	106
173	153
329	196
511	341
409	107
530	191
68	145
13	34
163	236
541	597
302	275
315	578
315	149
367	20
137	1
517	374
408	335
98	353
568	437
299	526
570	470
50	113
230	318
415	190
162	312
351	30
595	216
171	385
75	68
15	551
224	373
349	138
509	548
21	107
487	375
540	141
142	66
207	431
598	314
234	10
153	518
521	138
482	38
233	250
225	365
420	48
326	187
8	15
260	99
299	548
243	388
77	48
473	274
530	19
167	36
203	42
164	56
79	351
432	291
267	407
79	277
579	410
496	168
523	91
152	41
55	398
64	400
228	65
200	90
449	291
118	110
85	250
167	244
366	369
153	160
123	397
107	182
95	425
89	144
235	384
527	363
342	39
410	560
195	221
270	406
40	490
295	588
326	221
343	268
562	586
216	43
495	72
103	77
77	569
574	278
330	306
149	587
411	122
108	279
512	496
46	466
217	397
333	507
401	112
95	486
597	336
570	392
385	420
505	375
512	374
99	583
101	463
356	143
395	228
106	274
61	21
126	306
211	350
325	22
473	271
323	36
230	446
403	250
598	117
4	382
484	61
203	142
576	497
489	418
201	288
66	437
359	386
106	66
351	571
195	290
212	358
415	156
446	409
214	534
530	478
189	192
598	593
51	344
63	445
273	311
161	210
382	235
90	409
204	278
219	96
138	107
372	0
583	568
331	179
168	439
481	60
278	351
193	575
511	296
574	391
135	180
504	94
323	176
434	399
281	226
123	327
87	412
358	578
119	102
569	266
324	186
479	595
461	553
250	233
282	347
305	459
543	188
113	121
556	153
155	592
22	202
122	382
134	274
583	64
212	505
459	18
584	555
464	174
452	104
396	261
201	332
347	124
309	530
176	574
470	10
32	527
502	114
196	464
42	56
593	430
505	229
61	341
461	148
295	483
553	146
571	151
232	176
314	511
261	188
522	585
173	526
551	593
533	86
253	530
48	514
385	312
33	349
11	425
194	108
210	156
103	386
252	73
266	227
536	544
404	381
427	510
180	546
179	370
327	330
267	278
4	326
259	345
162	231
506	337
409	445
251	414
562	107
363	417
588	448
379	203
580	225
573	482
552	145
167	486
352	298
87	538
225	445
90	398
576	254
566	274
271	267
568	108
487	131
18	498
290	131
125	571
211	419
239	48
341	256
424	425
204	107
295	329
268	30
540	395
293	390
418	598
359	451
451	228
304	501
135	353
231	273
139	46
316	441
218	172
110	594
171	94
160	39
206	16
9	474
60	460
470	11
250	515
215	81
273	448
267	469
134	336
584	574
577	326
139	334
28	531
256	476
218	490
407	27
57	34
59	392
349	372
184	473
99	244
304	592
159	525
194	62
18	557
145	301
299	336
364	534
560	432
143	233
514	241
557	211
491	123
39	50
85	145
206	532
240	526
481	189
575	519
219	558
471	187
285	523
325	359
123	357
347	303
406	142
39	79
374	212
225	7
569	412
446	485
444	456
421	476
436	203
598	338
114	512
450	367
185	251
219	561
21	559
592	269
362	527
445	335
390	104
117	67
428	347
93	413
494	209
511	570
62	382
39	553
49	216
446	20
344	17
344	472
125	568
356	204
526	535
48	495
201	397
230	226
189	266
518	100
496	59
313	132
506	188
216	217
213	18
223	558
272	43
442	105
230	36
298	418
56	594
27	393
332	45
13	384
415	542
390	200
550	354
264	303
333	182
268	174
307	338
450	81
210	354
268	8
206	7
198	355
290	477
524	330
577	549
161	393
375	67
62	523
397	530
199	310
467	211
350	20
373	84
539	482
85	589
113	64
433	421
565	385
8	468
581	389
534	410
179	250
425	324
589	586
240	455
595	213
311	420
380	390
585	588
484	484
395	541
78	199
9	459
314	178
455	58
52	408
494	382
169	286
169	254
294	168
555	509
575	160
398	144
560	18
210	494
572	595
473	9
135	31
123	43
114	129
523	267
587	165
181	295
230	234
162	540
597	435
226	336
295	12
532	1
440	202
165	494
460	243
74	515
145	85
204	482
432	450
88	348
543	57
399	288
431	440
473	282
405	309
17	597
264	380
165	307
230	411
116	272
258	17
324	247
454	189
287	100
593	258
377	489
189	504
369	300
391	446
217	93
148	387
588	430
357	85
324	451
31	384
372	24
561	144
40	562
51	482
552	574
399	212
75	61
487	533
541	465
483	519
551	81
540	425
424	280
426	321
533	260
575	319
306	395
238	436
405	359
451	321
435	314
265	108
65	341
26	358
233	138
102	56
303	553
523	579
511	15
484	158
206	459
242	170
569	507
524	154
61	267
148	286
164	581
408	583
64	140
498	165
592	194
452	531
541	114
91	172
207	280
239	375
401	316
564	366
213	333
264	141
165	554
193	533
7	260
442	408
228	319
370	151
398	79
346	270
540	327
209	505
467	173
30	393
458	458
328	399
474	413
421	1
168	55
213	554
497	425
203	299
569	281
384	495
71	244
323	117
105	221
393	206
479	212
165	399
526	297
52	584
420	344
167	106
379	207
502	328
533	345
302	124
130	119
71	339
88	45
532	74
255	256
143	311
423	439
288	557
281	23
18	231
424	224
11	325
346	165
326	484
38	49
327	408
324	164
594	117
339	598
40	43
483	250
343	336
112	195
276	367
47	237
80	342
432	26
140	437
336	525
139	106
210	363
571	10
42	125
374	418
150	522
291	483
193	154
501	540
365	589
397	545
179	585
304	474
130	227
407	534
235	573
343	334
21	69
349	126
409	390
488	326
500	103
250	367
428	274
468	520
577	392
493	32
178	303
79	518
577	397
183	445
124	590
87	275
449	289
593	225
565	58
490	580
385	280
240	313
1	70
402	144
514	471
403	543
368	218
418	512
457	262
249	421
298	286
519	263
339	285
596	157
193	37
561	434
561	521
330	55
412	443
377	232
27	96
280	107
56	575
147	546
302	368
559	210
263	193
267	212
416	420
82	104
34	180
385	338
448	318
251	53
512	277
135	155
232	101
402	455
271	57
143	465
61	137
192	240
151	587
287	175
187	361
101	134
180	427
254	105
227	203
255	21
2	287
150	46
398	244
157	87
265	341
82	369
256	195
365	380
384	6
438	403
504	90
347	57
411	581
84	498
4	100
387	413
142	238
539	173
175	88
124	95
249	423
423	198
237	4
4	65
404	9
462	502
251	26
208	351
218	455
535	427
121	53
355	520
383	437
506	372
361	180
123	107
196	305
76	515
263	182
561	59
591	438
50	138
56	36
399	412
61	548
74	230
509	379
97	171
410	368
151	559
351	246
286	248
277	258
204	389
434	103
87	79
311	201
5	500
68	358
44	586
474	528
395	592
156	240
539	408
563	93
134	569
61	89
146	105
161	260
530	216
314	106
66	384
46	279
60	360
57	443
580	383
179	569
388	597
530	57
485	45
261	293
555	151
407	241
419	283
300	131
108	128
379	154
295	106
496	484
532	473
541	319
554	62
524	520
355	137
188	186
154	469
421	439
26	397
137	338
316	544
274	412
516	160
378	245
417	537
74	499
111	44
579	374
395	347
387	148
338	599
356	535
470	117
207	76
62	191
576	384
289	438
182	155
95	454
113	438
372	290
224	384
418	38
583	116
394	83
258	95
230	284
48	93
70	96
486	523
29	17
534	239
239	241
85	331
521	500
222	281
133	592
118	144
481	80
109	197
483	137
181	373
211	244
99	246
229	426
71	101
337	246
169	298
49	155
586	345
526	430
348	593
359	135
295	167
232	25
57	205
243	329
273	123
413	75
337	319
207	335
109	249
463	411
404	7
35	578
434	56
138	258
391	148
503	411
64	272
571	212
560	240
453	287
218	148
544	260
422	189
345	572
62	369
500	468
107	145
434	289
249	228
593	554
420	93
456	65
101	296
53	220
29	490
222	320
420	581
520	533
126	474
359	108
172	137
546	252
338	405
554	52
370	67
383	524
549	312
127	412
73	170
396	590
171	247
497	199
370	450
537	480
470	68
211	531
387	470
574	57
390	453
189	480
386	230
407	162
23	465
591	145
137	339
346	278
544	283
426	376
225	54
494	410
368	69
139	565
272	188
428	517
193	422
585	112
125	460
151	432
487	44
172	538
232	118
589	511
208	50
142	224
197	29
437	286
466	467
211	431
455	198
112	21
193	580
394	72
95	150
353	308
240	229
211	157
435	160
591	558
213	392
528	362
297	156
72	594
535	536
382	388
372	312
398	13
257	243
323	229
507	99
19	432
94	376
295	349
166	436
13	432
268	49
85	498
218	239
508	384
275	114
192	305
466	191
81	576
421	215
552	522
477	165
207	297
501	49
36	199
5	487
188	302
450	505
72	220
387	1
374	213
403	59
406	528
206	223
199	419
281	412
526	211
547	24
426	347
290	196
119	117
459	404
454	567
322	573
581	493
370	415
320	149
169	73
131	575
475	531
402	482
482	415
56	388
575	1
504	594
535	102
124	437
237	144
56	294
536	543
9	96
408	548
583	371
403	567
148	465
334	0
496	545
290	562
219	2
421	459
397	457
314	185
238	451
534	407
597	6
40	316
247	33
396	580
287	484
123	336
372	83
531	505
563	412
103	226
449	7
219	299
493	269
406	146
137	537
219	84
427	468
134	81
172	589
184	157
316	37
47	482
503	583
206	195
424	94
284	164
233	514
371	13
204	298
535	533
57	357
464	219
445	324
302	184
419	327
281	48
105	399
202	240
170	267
346	377
331	373
589	202
53	324
25	60
134	196
193	318
235	26
465	193
14	537
29	166
176	403
186	4
180	593
193	446
24	259
19	320
536	99
518	122
521	459
403	453
55	207
368	546
531	541
369	418
268	569
310	312
240	541
464	51
344	534
422	383
510	449
415	131
547	188
563	502
417	330
83	291
106	358
145	283
532	505
508	505
161	278
516	24
527	482
551	57
512	561
398	441
591	347
312	39
216	550
80	59
378	397
381	226
389	398
62	198
130	546
144	203
107	101
109	420
143	173
299	571
514	15
526	471
111	140
315	216
411	347
298	422
72	521
78	471
346	283
493	592
145	540
455	187
116	394
21	494
382	322
359	76
520	116
65	293
395	457
499	25
408	512
204	482
134	305
50	78
534	145
385	555
398	571
198	286
41	560
534	364
256	597
448	89
95	203
419	559
390	4
37	254
290	73
34	234
592	369
293	578
333	523
270	69
189	596
552	415
590	60
53	313
104	339
361	254
483	186
208	113
117	203
333	220
399	442
264	588
594	237
106	528
587	319
384	104
345	554
546	227
111	26
111	272
210	207
255	246
464	483
508	311
27	290
78	319
345	230
74	330
233	442
62	123
244	159
259	242
494	114
264	437
552	470
551	223
435	158
38	197
434	299
532	125
244	115
277	130
477	507
460	258
361	579
493	568
284	95
212	501
577	543
525	402
476	4
17	360
582	442
177	113
509	421
370	175
205	124
486	377
407	579
299	95
221	508
250	459
71	5
582	47
125	292
462	85
321	255
25	33
567	449
357	243
173	7
76	89
329	416
180	153
196	434
498	92
249	482
98	471
313	27
445	82
126	160
111	467
146	172
107	397
411	150
422	81
573	43
469	175
453	404
524	230
230	102
268	367
105	280
24	328
493	294
221	44
177	564
339	151
482	199
364	256
566	550
447	55
523	54
217	149
20	138
178	395
289	265
391	323
75	26
273	555
57	18
34	424
593	110
159	198
22	436
158	150
226	244
61	408
297	364
44	352
211	328
153	229
387	441
463	340
384	340
313	211
519	355
288	90
19	353
311	28
107	351
559	82
142	20
388	385
237	521
379	82
4	97
350	583
231	23
174	222
358	451
364	573
77	525
564	133
354	306
446	284
507	299
170	514
443	530
543	21
297	280
104	472
350	466
509	294
449	394
473	53
328	170
13	245
45	67
520	479
266	107
161	162
43	541
379	361
511	387
355	273
154	78
465	70
258	526
433	397
364	85
317	252
483	389
593	102
92	354
218	99
328	306
291	380
63	449
374	395
94	201
428	248
12	487
185	465
55	497
367	209
118	67
501	257
426	240
547	581
462	174
317	501
440	194
570	19
403	531
127	380
138	387
589	39
347	351
556	27
214	519
210	62
377	385
373	535
17	264
312	149
231	338
261	185
516	168
167	141
299	94
267	304
225	490
275	202
227	49
526	489
381	325
440	223
266	19
385	290
285	464
268	355
547	4
566	394
378	311
273	110
138	559
293	275
223	220
362	276
504	547
348	440
495	398
2	104
581	156
69	134
506	501
426	226
429	214
133	310
190	355
242	393
262	130
344	473
343	76
557	473
286	327
456	202
49	478
471	294
198	370
469	16
258	273
287	598
283	109
412	328
411	496
583	379
353	507
466	598
269	278
417	190
184	545
184	381
446	129
529	469
145	559
174	250
11	450
15	29
16	461
505	180
45	115
76	591
433	158
7	118
78	215
265	495
436	231
286	203
483	356
109	584
370	272
459	417
17	36
46	593
383	17
247	94
49	223
12	10
40	374
185	246
542	73
523	583
500	404
568	514
147	458
471	203
493	105
560	369
487	377
71	430
38	167
498	434
234	424
380	415
155	456
525	32
567	387
504	114
30	579
18	316
82	256
66	587
574	253
65	70
145	111
382	209
495	137
206	452
485	474
63	539
334	112
568	89
519	182
79	317
532	513
374	79
21	512
459	244
528	193
354	292
340	457
257	141
559	36
519	297
229	426
242	450
109	442
309	573
586	536
130	524
579	513
273	326
431	432
477	25
577	458
271	360
147	43
210	223
426	491
586	147
254	323
593	583
220	137
432	192
266	212
542	570
279	41
128	140
525	203
317	279
3	281
525	412
75	538
69	274
372	180
298	103
133	305
160	166
103	467
405	383
110	142
199	220
36	91
270	271
498	262
231	17
283	309
126	469
463	193
176	347
41	49
266	489
61	385
418	180
506	34
504	516
471	10
520	277
318	308
86	82
522	555
270	364
358	529
504	104
539	268
13	334
365	199
448	533
579	54
492	517
129	594
45	404
371	245
445	98
577	376
375	160
162	376
56	195
262	136
270	583
52	503
256	110
516	578
200	88
522	252
545	436
511	233
561	252
430	458
4	454
64	51
370	79
5	489
510	195
424	599
348	439
485	375
495	56
409	253
436	100
550	15
510	397
378	425
463	62
539	438
559	438
57	304
212	546
55	344
119	447
360	553
150	445
530	199
388	167
42	501
561	454
356	244
223	549
460	256
322	464
518	259
51	526
566	29
138	277
301	115
285	364
586	436
433	43
144	219
75	559
9	367
108	267
311	534
31	512
74	95
216	468
412	215
475	33
221	244
486	404
547	133
540	70
17	562
487	87
579	144
346	502
372	133
8	517
412	505
387	33
145	109
157	184
208	550
444	315
480	305
54	187
556	99
434	255
459	376
254	587
270	409
186	181
205	267
193	361
254	418
503	261
315	237
531	422
462	138
338	585
420	338
61	38
164	223
473	118
267	210
497	469
317	354
346	114
441	47
59	148
129	388
526	199
253	402
559	140
443	273
89	150
93	545
399	585
16	575
254	469
84	12
180	280
524	463
100	41
444	275
98	408
154	11
293	540
467	193
446	293
115	110
60	327
63	4
465	192
507	535
340	440
347	169
347	119
520	277
397	302
482	348
82	251
332	267
568	471
297	422
75	372
200	157
351	280
230	52
501	583
297	297
168	149
117	423
531	464
397	159
129	299
375	14
488	479
140	185
506	493
402	453
490	343
152	571
304	580
206	584
145	514
191	467
78	261
548	312
294	358
574	393
227	359
191	420
94	114
141	296
360	545
364	369
599	329
31	563
481	96
595	499
271	405
336	568
401	470
549	465
362	52
583	576
224	108
181	572
306	247
227	188
406	280
505	47
446	381
432	497
486	247
569	368
141	4
185	157
414	476
300	517
522	64
77	207
259	398
447	104
119	177
411	58
391	414
279	419
492	569
247	546
381	438
403	596
310	435
29	508
81	58
437	378
570	541
411	506
537	226
151	389
377	206
408	309
96	78
232	153
243	376
313	8
120	112
207	587
71	558
184	91
581	277
180	26
350	271
301	229
374	267
563	286
373	449
535	41
389	12
330	68
281	182
441	369
91	386
399	384
474	218
367	29
391	96
332	50
594	18
248	181
158	215
445	97
565	205
363	250
529	453
159	466
217	215
188	161
236	343
0	297
125	473
70	391
306	408
531	117
91	306
535	397
500	391
178	448
487	56
113	413
9	413
396	333
567	359
597	42
549	28
414	592
506	328
199	468
148	208
596	49
395	10
159	153
141	65
527	280
30	349
324	421
505	591
445	434
311	2
352	370
274	124
109	546
479	27
200	40
375	69
250	248
352	512
315	470
396	577
182	277
574	40
208	166
428	295
502	516
101	187
434	20
137	348
257	43
519	495
181	575
575	498
546	63
189	207
479	503
166	322
164	35
419	197
466	276
599	251
370	297
414	96
142	325
260	383
174	342
14	318
9	254
73	204
33	490
198	371
536	136
31	17
188	389
481	120
461	332
93	380
575	171
405	301
385	352
567	458
552	488
209	302
272	392
1	215
201	357
199	288
258	493
507	41
340	408
260	133
541	449
444	113
472	199
45	428
398	545
223	289
403	190
202	553
63	433
187	166
423	451
189	234
71	475
37	327
175	272
369	72
167	592
341	51
328	17
28	2
577	356
464	103
594	97
359	237
369	453
218	565
55	281
466	222
93	293
201	478
168	241
419	309
295	3
39	561
597	412
502	563
415	557
158	72
147	136
403	516
587	153
19	145
293	339
260	286
344	143
5	75
141	31
246	520
511	160
476	124
329	102
301	283
187	161
116	585
72	157
330	212
455	88
297	142
36	365
318	263
115	269
91	225
336	317
462	285
325	290
145	259
377	105
334	190
130	443
463	534
15	30
272	191
596	343
458	599
218	306
44	237
34	468
319	333
118	448
119	184
317	182
314	208
361	258
510	320
135	536
35	330
346	45
545	187
276	112
479	65
522	296
362	332
34	383
31	378
588	540
93	29
178	438
66	551
253	100
112	174
454	34
523	290
518	286
386	42
443	401
327	55
327	593
525	473
366	194
133	501
548	565
413	592
216	385
381	173
33	341
16	274
564	111
484	41
343	543
93	522
509	429
260	598
55	482
231	542
51	546
550	554
347	206
145	501
124	368
185	261
465	583
266	105
484	179
321	564
409	586
272	70
279	401
371	73
212	486
518	120
196	362
469	268
477	564
39	112
521	304
88	404
145	551
274	112
571	400
111	94
64	44
342	273
13	319
551	157
99	459
541	292
341	6
31	215
286	155
90	278
132	574
255	582
413	161
444	529
308	316
458	4
368	153
267	121
233	77
93	269
136	299
472	108
523	179
575	56
57	415
30	41
456	461
353	446
184	401
317	225
307	66
350	409
44	93
27	17
26	455
353	190
327	131
67	317
169	467
43	123
452	572
56	446
481	250
123	337
264	450
223	173
85	519
382	146
538	435
258	53
433	215
199	451
236	399
218	132
499	316
253	579
409	597
402	401
468	304
297	66
263	161
544	431
430	141
334	26
301	457
429	321
284	467
186	225
587	10
137	123
118	106
257	236
70	559
354	519
388	203
535	549
594	578
539	5
240	194
276	158
360	201
375	33
367	198
62	371
496	361
485	520
422	263
477	540
5	214
402	106
190	471
296	335
238	465
245	121
177	313
466	50
8	399
387	544
549	541
529	526
382	313
369	453
574	569
499	492
355	358
280	296
61	56
184	172
573	81
64	329
261	199
525	80
25	297
255	276
282	482
165	30
19	579
185	328
210	347
359	171
253	338
599	195
405	355
397	319
332	160
297	271
351	263
360	399
16	529
559	240
450	395
134	358
209	134
337	236
566	506
286	578
229	103
468	505
203	331
9	397
319	328
21	217
411	517
320	441
31	476
61	264
162	220
458	410
246	181
149	436
175	8
492	168
256	353
57	508
298	189
448	130
161	142
271	130
262	285
289	179
114	542
54	72
38	415
395	215
508	323
145	494
241	547
461	430
50	524
203	394
375	484
392	144
216	205
451	141
315	148
54	128
119	171
519	412
169	154
494	9
32	221
386	517
527	599
332	187
526	276
47	597
197	435
595	86
199	147
413	104
142	445
92	252
113	295
419	393
151	248
374	267
526	431
514	412
581	366
294	393
74	12
416	139
289	497
149	302
345	554
169	318
388	404
103	420
292	5
262	409
77	566
264	586
450	332
455	297
120	582
22	460
505	417
202	591
590	247
524	596
372	543
556	11
9	277
10	292
387	474
148	537
246	318
255	569
344	106
132	367
91	26
410	481
598	503
465	60
40	507
98	197
426	341
80	18
248	485
434	287
236	282
393	461
142	350
89	477
436	227
333	162
418	455
251	324
319	386
145	168
347	384
491	397
440	106
339	545
53	63
411	122
585	248
537	577
330	393
544	321
370	68
55	70
98	359
544	224
94	421
247	414
525	523
21	399
419	464
560	43
420	599
232	56
15	130
305	514
469	332
104	418
277	224
220	294
286	272
51	153
216	374
230	593
119	398
393	351
533	180
299	508
282	106
46	542
395	58
28	194
332	322
143	451
579	285
346	576
59	109
553	44
185	383
369	79
455	159
366	522
395	242
184	304
123	403
121	424
359	509
517	262
354	471
262	281
374	37
236	87
124	299
221	317
493	125
382	475
24	569
158	420
497	582
403	147
33	590
12	360
120	495
186	146
100	183
76	215
44	213
102	455
141	269
108	431
296	515
24	273
239	193
422	304
466	11
241	321
203	0
308	445
585	491
119	243
477	103
139	26
455	569
236	28
475	55
170	287
70	359
28	581
471	426
10	387
404	295
13	358
290	123
69	121
384	262
310	475
41	538
296	390
92	357
450	266
58	405
459	248
363	91
92	515
125	528
5	584
26	132
282	334
140	213
442	136
376	484
236	536
205	164
519	358
167	476
204	125
92	236
498	415
26	260
502	103
380	399
268	44
79	230
254	101
269	74
232	471
29	385
46	348
60	65
331	502
164	427
119	106
311	567
163	71
249	565
588	509
264	60
210	146
497	547
124	71
359	308
435	130
250	385
143	517
378	566
129	107
63	334
78	563
471	450
468	125
410	524
140	161
470	66
549	303
234	357
209	184
161	185
478	172
189	295
419	285
164	334
156	257
300	377
452	165
359	538
31	180
91	91
489	199
273	429
558	190
511	137
103	37
108	380
286	249
80	329
406	242
438	238
193	107
214	535
168	116
139	49
521	257
102	71
144	491
213	537
132	348
60	443
492	544
542	90
542	431
360	456
564	382
426	160
28	374
211	246
451	292
592	221
269	119
280	476
11	313
319	59
337	188
533	95
459	454
299	453
275	191
97	427
226	271
575	426
537	357
526	376
66	170
465	346
560	235
189	470
167	125
99	166
90	227
550	401
528	107
350	107
401	335
463	141
194	456
318	303
331	300
354	106
370	232
11	210
302	465
537	320
153	443
467	526
474	29
299	492
423	332
259	111
428	427
366	537
202	228
485	572
175	369
580	471
277	163
473	219
450	444
512	528
268	48
102	216
230	229
464	253
156	3
206	118
167	166
330	268
253	449
295	155
528	325
368	581
329	520
431	360
297	552
422	312
108	326
77	527
586	207
225	48
571	77
397	3
319	413
23	562
343	106
249	170
443	255
563	78
17	337
426	206
175	562
111	84
229	58
326	599
98	296
217	408
329	391
121	290
367	108
537	159
404	195
358	317
140	560
183	383
385	475
197	120
455	382
175	426
123	536
37	228
97	340
222	11
40	387
576	95
268	205
523	70
425	487
67	286
198	503
145	532
261	291
564	186
54	71
297	284
211	197
460	507
147	182
322	355
446	455
197	191
426	31
475	196
360	452
115	139
518	190
572	296
474	187
52	488
415	466
307	247
39	99
82	359
198	523
578	5
294	93
309	221
21	460
259	197
303	37
194	231
240	385
78	345
562	65
417	86
232	362
127	487
69	183
528	180
108	382
115	556
13	147
59	125
384	432
352	61
49	590
205	47
248	309
242	433
451	583
174	569
315	203
466	504
136	150
396	423
98	436
599	286
325	315
555	348
111	416
279	48
514	347
424	453
425	310
451	309
184	427
215	357
324	59
144	517
428	26
274	371
147	24
11	517
19	419
170	172
272	384
394	17
166	152
101	599
95	415
407	256
461	584
280	348
224	411
405	252
29	481
269	428
108	319
11	62
452	397
492	596
229	515
278	533
401	497
130	449
312	260
512	32
142	321
174	196
323	266
533	359
168	421
297	478
153	316
450	253
515	383
547	461
131	261
367	312
368	210
307	333
38	466
251	47
56	244
381	232
81	466
572	242
47	28
362	374
261	540
430	526
532	228
334	236
301	515
296	534
197	383
331	561
117	565
597	114
109	228
432	436
277	311
382	467
72	496
453	239
269	418
298	396
259	16
206	566
408	161
199	450
598	412
518	48
43	488
592	461
227	588
211	340
292	14
191	428
510	583
142	149
429	267
593	100
436	342
577	391
480	490
135	66
30	541
120	135
418	408
329	99
277	242
315	565
210	66
314	443
245	332
72	333
456	114
345	426
76	556
434	417
288	299
491	360
201	55
15	184
206	576
500	218
119	433
11	370
2	40
389	506
425	506
175	146
459	252
44	194
549	533
54	242
501	359
273	73
211	564
228	377
133	285
228	332
549	261
543	24
81	316
26	573
86	183
520	112
250	205
439	296
77	517
384	573
483	59
203	192
337	457
341	277
121	362
191	534
371	178
180	426
522	553
511	202
89	270
334	587
576	520
295	375
207	24
189	14
261	314
15	163
237	442
149	41
318	484
272	436
366	531
421	307
234	347
390	475
372	75
405	16
402	409
374	308
543	521
104	98
120	265
591	324
349	108
409	256
385	294
82	337
360	70
535	146
317	519
548	429
165	297
18	314
139	286
41	347
169	494
437	468
384	179
280	232
492	257
324	366
254	365
539	394
327	214
421	88
230	153
421	564
119	190
17	181
209	328
475	496
169	442
257	16
520	253
422	66
70	318
474	31
145	532
149	67
22	471
35	3
59	388
197	212
54	21
236	133
166	517
282	102
244	41
215	586
469	506
373	216
79	248
88	24
69	264
197	56
497	13
398	286
69	597
408	376
78	354
337	591
526	25
377	34
477	295
492	159
106	175
480	244
67	89
458	308
431	253
504	29
556	580
170	29
187	191
57	453
148	305
196	230
214	431
132	272
31	224
555	458
501	64
205	91
47	326
482	447
315	349
416	533
588	104
449	525
543	431
542	151
378	142
280	47
282	460
526	292
176	17
120	399
552	584
15	345
109	140
183	261
572	463
186	453
139	37
553	417
598	440
410	194
230	173
513	52
134	475
556	202
219	100
376	195
15	251
385	114
339	77
370	99
399	405
481	137
407	192
502	221
43	343
440	489
203	378
260	443
453	49
387	573
213	38
118	569
23	70
113	361
292	207
441	116
407	92
315	237
491	475
195	174
571	511
398	410
149	113
436	135
580	345
301	130
296	195
447	317
428	77
313	331
508	37
231	517
241	559
331	509
51	115
148	575
530	5
38	159
592	134
62	373
358	424
479	389
394	471
278	171
498	75
430	60
488	330
97	448
577	218
348	428
571	340
14	116
435	108
125	381
441	77
173	511
424	58
509	186
190	110
495	416
180	229
244	152
26	276
402	115
187	435
52	263
136	83
108	265
523	433
31	271
162	450
189	324
14	66
91	572
368	21
391	423
231	590
32	259
488	501
327	241
114	339
413	426
220	474
331	123
470	80
368	323
137	2
483	21
308	372
181	344
140	478
241	212
94	91
371	576
436	451
491	55
579	16
437	56
469	254
190	84
87	116
116	571
169	247
50	55
453	381
199	282
526	390
266	540
502	263
4	220
124	409
98	463
545	230
246	407
69	99
417	427
243	353
191	332
358	198
590	335
222	505
308	94
114	386
325	130
539	335
102	299
483	467
545	63
153	568
301	505
290	238
81	505
102	52
389	82
404	179
436	24
146	75
10	240
197	220
591	58
105	302
317	201
501	460
235	43
23	379
190	99
24	241
153	428
547	225
537	336
143	187
248	399
30	567
212	331
417	258
474	544
363	361
212	169
383	242
189	341
30	27
317	121
537	10
526	527
575	203
361	420
443	280
437	487
550	594
309	508
340	270
125	137
318	123
457	16
379	464
378	179
395	531
310	78
586	531
106	262
54	423
15	272
221	567
575	276
333	408
50	239
161	54
257	176
437	465
110	354
295	554
422	144
338	591
365	112
96	82
444	534
379	256
185	17
560	77
235	346
512	76
359	96
404	324
132	17
69	375
25	171
334	412
14	289
310	436
469	513
70	49
366	354
75	570
425	106
464	228
444	565
515	179
481	355
370	526
466	560
514	552
164	31
52	82
181	72
532	197
476	94
400	446
44	158
497	595
52	217
249	218
142	74
481	416
394	523
389	310
14	234
31	352
332	1
165	248
64	587
168	479
324	442
546	307
338	590
443	228
462	88
335	585
494	572
423	240
150	37
163	394
52	274
337	284
29	126
205	418
506	230
190	534
123	459
56	70
102	111
586	244
291	108
62	263
143	200
193	542
531	445
95	277
193	413
420	208
331	218
233	372
199	323
241	597
11	195
222	370
369	508
101	173
263	345
515	174
46	257
2	519
20	398
533	282
584	221
380	63
58	433
195	146
76	224
597	177
185	311
361	258
57	81
142	19
382	354
417	28
382	243
407	310
93	494
201	527
38	152
156	133
541	134
345	32
189	16
8	85
377	491
483	156
201	443
258	571
499	109
131	267
587	170
444	528
289	255
271	7
254	537
88	360
258	375
462	522
468	424
36	445
303	75
210	83
510	429
285	336
36	252
495	409
34	130
564	345
46	478
387	285
220	493
30	201
292	382
462	156
247	530
445	191
247	442
489	435
131	91
498	535
331	100
49	177
566	24
188	100
446	471
146	143
165	159
328	511
366	495
85	474
2	164
384	164
381	37
484	520
4	217
158	444
86	433
587	102
84	159
304	173
94	93
199	448
212	179
554	571
373	64
8	265
160	585
393	187
261	264
376	261
286	580
412	466
591	454
130	254
295	524
267	33
362	46
22	196
109	189
66	484
390	51
129	515
21	486
76	77
162	487
543	592
492	79
585	253
491	304
107	100
156	81
234	580
351	356
275	375
117	50
154	347
67	46
302	277
198	598
260	409
234	261
543	332
507	414
585	42
255	451
553	476
126	140
561	49
518	532
106	485
440	148
438	95
401	475
258	212
574	117
342	249
207	495
467	589
486	317
440	349
349	411
216	129
369	192
339	572
438	433
351	466
288	82
531	570
468	278
553	106
377	575
574	33
111	217
479	311
258	409
553	225
546	364
92	305
274	474
373	419
522	537
439	138
500	317
453	0
304	389
599	228
268	185
367	102
92	111
191	494
513	557
184	539
273	465
465	79
252	101
218	551
206	102
420	577
149	291
136	390
33	18
8	191
146	430
358	291
499	501
519	454
66	518
563	286
96	552
12	63
19	165
120	590
565	133
476	3
345	63
343	383
506	98
585	365
72	378
134	133
512	374
475	211
230	70
12	247
42	82
431	421
212	278
465	12
597	458
290	332
572	269
407	448
233	377
21	500
113	345
453	544
551	432
248	457
476	243
456	129
10	94
376	157
562	261
425	541
368	272
242	320
344	50
380	181
560	483
495	430
594	272
244	143
460	36
1	325
453	41
354	137
486	175
410	251
130	13
533	187
588	589
281	547
476	448
225	113
221	371
125	105
566	314
226	198
227	553
329	161
351	482
151	290
8	56
265	579
591	562
177	277
499	419
297	105
257	246
307	41
258	358
370	503
57	428
281	211
495	202
422	410
405	572
259	321
421	574
97	185
14	232
441	517
34	223
8	575
437	13
261	80
220	80
387	558
272	536
262	359
294	186
588	164
60	18
153	49
66	101
406	417
514	572
560	63
253	148
209	399
380	11
589	210
248	141
282	576
14	188
564	552
554	270
189	155
319	336
414	319
313	297
21	184
295	577
219	224
384	72
599	6
561	595
316	557
112	185
589	179
224	179
305	234
113	226
566	268
203	291
166	191
127	173
216	568
354	11
429	203
247	101
393	121
344	169
9	242
305	47
167	458
289	546
134	584
397	146
516	1
203	190
108	340
224	286
109	366
326	63
275	53
46	0
16	186
310	554
350	64
38	500
419	321
213	147
258	447
27	209
122	55
67	309
517	338
472	536
215	526
456	232
65	138
120	53
121	550
334	336
240	344
125	20
23	267
561	28
583	338
31	268
540	595
72	308
573	462
266	7
74	460
299	162
178	277
531	144
529	442
52	505
434	457
81	83
183	574
104	321
418	326
109	295
14	407
237	248
103	404
260	343
587	325
155	169
35	450
353	252
426	200
205	505
225	413
566	52
173	477
599	76
262	54
49	542
116	193
95	276
216	543
464	219
516	299
165	242
0	559
448	454
514	478
572	570
57	400
583	492
599	308
329	595
392	439
575	309
483	19
313	388
140	540
412	432
563	147
460	440
13	485
250	58
236	422
238	594
574	7
369	455
535	287
402	361
340	285
363	335
381	43
543	141
502	526
34	138
91	82
429	39
413	578
268	52
372	318
342	77
259	109
97	569
403	506
479	451
5	203
313	241
152	379
454	586
275	362
487	381
223	146
251	44
564	242
74	551
511	312
577	477
413	351
377	390
254	176
363	139
32	293
572	543
295	225
65	431
198	315
424	180
221	409
538	362
360	320
488	337
535	186
49	488
111	465
542	433
212	471
499	271
401	304
122	69
286	63
229	192
573	278
191	236
345	25
127	205
347	113
58	556
242	382
253	593
158	350
220	463
154	66
98	139
539	488
325	454
25	243
261	490
482	470
569	561
253	464
517	273
289	336
180	460
259	418
398	132
518	458
567	324
506	445
28	425
259	320
114	431
269	344
517	288
241	536
562	471
567	88
481	195
368	490
170	415
518	249
507	390
242	2
579	92
242	389
270	447
597	108
110	548
500	89
426	366
63	207
253	306
289	519
462	398
290	347
376	575
111	318
565	450
127	42
140	226
516	388
579	216
36	426
275	329
132	508
447	489
0	328
176	109
537	191
185	46
259	398
289	346
202	223
34	588
313	93
29	419
582	31
440	361
237	123
446	530
184	124
361	564
120	398
342	429
410	294
364	464
145	279
291	274
235	151
125	49
11	8
228	187
27	370
8	596
300	285
146	418
412	437
219	547
138	262
194	598
592	15
278	7
462	211
152	539
527	130
179	531
330	238
475	54
488	169
136	463
572	140
389	150
452	163
233	570
443	220
66	516
152	542
528	383
254	349
533	211
121	212
23	176
290	148
224	120
447	72
410	229
498	131
106	386
508	297
16	86
134	443
96	59
572	550
576	468
327	363
158	332
533	264
110	68
46	341
493	460
206	300
309	291
322	383
357	378
329	317
563	26
344	367
329	70
586	381
162	371
355	270
455	475
535	452
539	257
395	366
343	295
431	15
122	36
367	36
377	521
453	506
255	378
165	469
153	290
285	494
145	151
518	348
332	140
347	347
282	389
525	578
418	317
184	342
136	28
574	124
204	525
406	572
215	323
529	377
324	587
25	445
81	508
221	561
441	587
365	473
72	331
527	6
322	514
276	526
488	383
571	462
288	320
7	191
568	448
487	134
134	532
234	102
223	510
444	48
106	451
546	202
192	440
590	566
67	554
495	241
200	66
145	188
178	110
92	495
196	261
179	425
411	315
84	452
462	578
367	486
219	482
180	130
487	367
374	405
49	280
574	332
43	96
45	162
150	21
393	576
538	534
219	53
463	306
27	261
426	395
337	462
559	338
561	477
424	20
282	223
255	161
315	156
214	309
450	565
416	159
363	438
587	160
353	207
253	454
508	236
432	550
207	77
436	439
404	343
175	331
207	377
131	441
220	427
92	133
349	505
300	242
76	125
142	462
258	242
331	299
170	525
196	277
204	198
532	119
265	109
57	320
24	527
344	556
172	175
538	365
402	281
22	232
482	330
108	444
537	379
323	548
152	468
344	302
342	398
445	508
45	529
217	72
171	148
201	45
255	226
331	520
149	545
442	293
520	295
123	278
123	509
195	126
333	157
75	580
38	544
425	51
146	216
156	358
553	180
427	185
257	434
11	227
257	230
548	455
226	137
422	33
524	557
69	598
594	76
134	324
195	513
301	88
134	38
333	167
105	76
363	204
494	202
47	392
379	372
271	80
132	356
354	0
263	366
62	245
396	190
335	441
535	476
349	519
28	439
152	333
317	456
507	242
450	13
154	325
326	286
137	221
234	140
338	47
41	229
90	538
584	5
138	63
575	198
421	35
151	568
2	174
66	395
520	70
482	473
456	461
559	265
444	354
161	430
531	531
462	198
13	592
280	342
425	18
438	251
49	338
518	51
598	534
172	386
310	358
401	376
30	157
554	56
182	355
356	332
224	79
201	284
131	274
578	181
202	102
81	398
261	22
130	261
553	511
54	216
241	172
171	160
496	383
83	264
169	523
510	19
365	231
375	291
256	165
561	406
273	112
476	147
124	436
0	179
182	175
356	226
476	45
468	532
457	497
357	404
346	575
525	552
295	312
60	392
480	532
225	22
41	91
243	567
300	71
45	351
2	137
28	195
229	532
176	208
221	95
101	145
213	243
453	229
457	500
163	383
127	189
534	239
158	164
385	326
431	325
251	543
103	330
424	32
511	503
595	360
408	403
526	538
246	43
280	352
96	577
537	571
488	466
565	166
525	534
51	443
235	288
360	141
468	340
309	516
45	312
442	55
23	211
45	116
257	299
579	75
407	435
2	65
121	337
496	472
249	549
268	555
426	53
175	446
66	85
382	236
349	196
271	499
246	266
286	19
49	46
123	532
170	252
201	332
396	91
389	55
199	149
321	313
497	311
436	15
192	56
504	276
561	159
176	535
568	333
580	370
172	417
339	469
358	186
83	553
470	199
47	384
482	234
94	33
244	308
580	243
79	354
447	151
222	84
368	391
137	166
572	405
77	272
551	468
310	176
460	563
523	464
26	400
351	345
206	417
23	382
449	197
213	286
295	441
56	433
227	79
174	323
50	505
223	575
203	211
343	75
263	223
599	33
234	529
336	21
30	546
166	386
241	347
117	456
67	479
251	16
238	595
482	64
377	242
271	577
451	112
308	533
177	24
22	335
564	273
212	291
426	339
389	516
471	583
476	476
439	269
595	214
403	479
369	487
462	459
98	435
83	150
553	196
485	547
316	174
26	138
588	414
221	422
280	480
7	583
405	551
497	382
300	247
224	159
136	438
37	88
42	17
504	560
531	92
192	483
445	209
10	210
342	218
412	527
258	89
373	382
333	364
179	375
450	318
472	271
266	24
57	390
92	87
580	444
301	351
438	461
461	590
599	68
158	483
347	299
305	420
381	120
303	199
49	371
528	200
279	107
116	586
359	225
348	201
597	125
284	219
203	244
119	23
557	323
263	373
101	21
47	501
75	64
367	340
321	486
404	329
409	280
281	382
211	300
70	402
270	455
163	115
74	429
9	81
576	277
437	221
463	514
242	32
260	588
210	264
93	502
224	61
106	136
13	138
192	108
158	399
115	517
30	284
208	164
189	127
196	581
109	342
317	94
396	73
227	335
219	574
361	540
98	528
166	216
77	537
187	484
511	492
273	277
82	416
432	524
497	207
534	14
410	573
450	548
578	555
484	445
526	554
475	383
540	61
498	228
405	496
360	97
327	517
266	306
114	149
319	393
119	347
121	190
136	428
187	392
448	131
579	306
296	577
405	449
555	153
97	553
23	274
514	374
265	501
124	104
219	14
33	72
260	400
72	352
164	273
219	327
298	581
204	418
485	350
195	254
187	200
54	73
497	315
270	344
168	434
306	179
512	160
90	429
308	578
257	456
113	591
144	173
412	5
283	137
416	325
155	483
208	70
47	145
551	479
455	227
249	542
55	343
286	150
573	467
171	333
95	554
428	443
396	309
514	590
405	339
141	563
63	11
358	311
48	110
76	507
123	338
161	542
290	8
431	148
583	271
69	124
599	242
488	168
467	308
408	157
4	444
240	394
203	411
497	438
315	82
44	210
572	529
250	493
356	346
282	310
99	580
205	148
307	436
10	154
442	101
313	118
198	320
414	344
188	319
141	344
13	315
404	360
94	365
497	417
58	49
432	401
30	359
521	481
513	243
261	477
117	141
451	69
590	459
147	545
310	450
269	57
459	35
271	57
406	17
538	380
121	9
584	56
580	99
308	503
115	509
61	558
160	63
360	566
168	161
170	519
357	256
63	12
40	119
305	522
464	594
409	339
532	86
507	39
240	301
33	482
39	182
271	208
294	480
182	452
497	158
39	200
412	38
357	71
328	28
143	590
376	308
433	593
182	517
271	443
551	64
382	77
504	424
390	71
308	171
511	140
147	142
30	471
160	200
189	556
487	85
349	330
521	2
344	468
13	144
119	414
109	329
5	165
186	456
502	415
197	565
16	42
492	462
36	393
317	457
449	32
105	565
582	248
440	489
169	334
341	428
184	190
461	588
587	134
562	314
92	373
158	426
93	546
479	464
277	96
142	350
134	7
251	234
238	222
584	428
519	60
504	261
413	559
468	411
380	195
346	154
444	372
371	101
58	103
511	73
316	322
248	282
592	124
559	478
393	143
198	376
56	370
67	240
227	75
294	117
140	162
376	188
457	72
304	450
251	94
467	165
245	466
494	537
587	77
403	351
380	304
462	280
126	212
187	535
437	56
70	476
495	53
71	228
63	342
520	534
20	483
276	305
277	77
117	225
291	12
514	520
363	251
100	81
190	597
219	343
55	369
289	260
249	209
243	295
306	385
488	572
200	570
375	591
391	206
289	379
500	358
232	397
200	367
411	70
92	43
167	365
558	171
155	506
230	482
200	439
199	461
443	170
357	199
481	253
151	265
182	110
329	286
169	145
258	477
263	196
188	328
251	75
589	569
335	594
481	91
530	81
178	214
518	49
141	165
588	325
170	282
95	148
584	418
209	274
338	594
470	38
378	424
523	367
169	191
114	383
224	202
78	305
262	481
117	527
422	369
134	36
451	462
448	145
203	332
445	83
342	411
458	25
306	473
460	235
493	89
328	310
77	65
214	188
407	209
99	224
90	127
394	487
423	208
183	66
80	137
112	568
82	355
232	360
408	485
336	245
389	180
580	402
454	85
200	364
489	522
165	471
270	571
324	208
297	324
62	226
161	157
190	325
360	495
443	304
71	553
37	223
406	386
275	440
101	249
23	383
57	521
207	465
422	312
217	197
230	255
570	342
571	387
299	398
135	74
72	461
141	417
454	591
227	354
321	299
23	539
599	503
531	249
108	201
334	44
179	409
249	195
278	122
362	377
291	391
520	231
539	162
260	209
167	175
97	325
129	136
456	133
340	282
298	134
593	364
322	257
224	39
30	231
351	393
34	25
114	524
289	53
327	75
82	348
548	517
123	97
0	90
116	564
379	546
330	148
2	501
262	180
355	253
2	556
465	255
343	376
252	289
158	373
529	445
465	544
314	180
365	417
129	62
87	116
326	253
400	200
594	193
262	160
88	206
392	72
319	458
325	449
46	218
114	125
405	252
518	79
155	231
228	121
346	471
261	257
515	253
183	325
230	59
109	51
83	317
444	509
326	579
400	370
291	43
593	176
262	571
293	493
149	580
331	165
252	258
105	382
549	120
91	439
98	320
417	231
312	184
51	386
10	232
204	229
303	360
88	347
497	143
258	384
459	110
567	2
582	26
217	288
568	393
289	259
49	540
556	561
379	346
80	488
110	165
484	527
134	293
162	504
426	83
401	106
257	129
259	435
26	356
567	491
128	35
532	4
488	458
12	541
577	327
424	429
559	125
350	188
436	423
379	365
348	516
454	464
107	528
507	269
85	316
449	595
353	60
489	70
19	478
283	566
357	410
510	236
9	309
356	272
237	344
312	101
220	205
581	86
389	457
508	515
58	557
33	203
40	311
35	157
493	141
486	298
579	513
511	273
127	560
307	46
102	293
4	357
254	331
305	480
460	575
233	360
383	51
444	321
39	15
94	102
371	283
497	251
319	495
30	281
502	243
351	19
266	178
4	528
421	489
264	242
242	102
151	163
125	388
255	199
540	458
327	452
33	99
192	525
309	240
279	551
466	57
428	123
309	44
267	154
150	428
148	231
445	146
249	189
427	153
172	33
90	347
242	523
202	441
583	254
193	136
487	383
318	375
118	306
483	53
222	559
460	399
531	364
40	311
444	452
131	392
224	245
445	462
585	239
507	219
490	265
16	315
401	205
223	257
89	579
296	314
456	460
293	319
7	5
79	385
67	283
282	213
62	5
377	319
259	525
280	514
573	137
404	269
106	294
161	370
305	516
448	120
61	388
178	168
93	485
142	28
410	135
211	115
332	71
67	34
25	32
172	284
187	523
59	370
557	53
447	222
514	127
368	65
506	459
418	461
289	34
234	516
246	106
67	271
349	37
365	163
481	541
12	309
258	539
480	398
414	182
350	410
519	313
546	547
362	461
223	114
127	54
541	141
490	362
318	28
92	563
133	454
366	22
539	168
132	196
199	133
298	566
546	154
62	245
540	136
265	447
38	172
515	30
293	587
306	242
119	103
415	167
134	7
349	233
470	538
182	348
245	580
92	56
110	305
97	97
153	78
220	396
171	479
81	598
397	131
411	319
315	19
216	579
596	362
345	377
441	495
397	157
20	157
73	456
183	211
230	327
445	119
143	73
345	22
397	409
353	343
280	84
110	117
68	532
139	331
407	187
88	241
83	404
10	253
484	114
144	77
335	524
228	113
548	496
365	110
282	28
317	548
198	381
315	361
472	302
368	70
402	186
598	7
245	444
297	368
177	427
254	139
305	556
515	47
337	439
66	26
438	140
85	94
312	86
127	426
62	389
77	535
510	362
256	203
15	283
79	51
365	414
549	552
176	426
276	52
58	97
5	70
219	594
414	338
123	220
310	372
35	484
568	530
16	223
505	401
229	371
351	584
587	343
305	377
256	188
53	190
466	371
298	264
230	109
475	410
234	193
531	12
187	152
347	3
307	365
350	590
354	25
230	164
576	171
109	209
173	108
57	352
93	47
404	209
124	191
399	483
441	524
291	101
114	333
420	415
28	521
283	126
244	193
582	124
543	157
198	61
155	151
292	565
24	596
40	352
39	550
0	306
333	406
354	77
179	103
559	160
478	382
547	20
454	54
133	114
21	65
95	248
461	0
10	587
398	235
210	543
132	100
177	121
217	597
387	325
484	322
182	267
541	169
531	484
43	398
493	51
565	539
333	503
385	53
344	413
276	81
150	274
575	357
7	174
114	332
227	235
575	33
110	557
78	421
231	156
577	19
108	252
371	64
116	422
178	16
456	183
69	195
391	294
491	567
468	299
235	543
126	347
282	249
420	256
68	598
363	317
218	594
373	567
596	243
456	119
3	502
432	133
197	292
497	342
286	12
254	542
480	243
111	424
503	486
371	193
460	216
386	253
419	439
28	506
91	456
460	425
513	139
539	211
345	561
522	343
587	73
160	161
446	35
587	575
219	36
503	445
417	304
576	520
96	69
174	567
252	507
500	134
408	186
317	29
196	501
108	197
381	370
509	170
272	283
142	443
411	286
140	446
287	208
315	529
21	521
141	548
268	345
270	498
565	57
498	239
587	243
348	563
586	339
420	347
59	239
491	353
97	298
414	130
51	318
317	453
182	559
415	220
142	197
468	34
490	234
198	477
569	170
429	285
388	47
190	202
138	108
295	28
426	394
49	3
440	110
26	87
263	443
47	474
15	308
291	450
459	218
398	99
43	355
508	328
81	508
72	242
105	549
285	49
98	274
266	127
107	203
72	196
292	137
209	596
594	528
246	349
118	556
476	37
203	196
101	504
331	204
103	366
29	174
147	555
572	408
500	16
551	513
65	112
208	580
505	445
116	567
146	120
526	46
462	223
560	224
155	24
263	387
277	244
169	84
538	119
278	526
530	340
432	92
409	214
265	498
571	568
336	380
363	326
207	330
367	453
11	108
59	237
193	487
136	15
250	394
369	17
195	450
234	414
171	184
222	210
217	365
579	131
10	372
244	92
148	165
435	523
106	186
361	594
589	210
331	251
363	204
122	476
30	229
240	321
316	10
2	497
470	73
222	217
511	354
186	389
547	579
342	141
297	184
112	132
159	146
18	355
536	502
474	524
45	198
310	283
349	149
353	190
314	196
119	294
170	50
329	430
214	544
93	159
275	321
421	110
426	137
186	301
134	477
325	262
250	464
81	263
412	294
329	406
2	152
586	510
327	304
196	242
82	463
178	254
124	386
83	557
540	3
573	348
224	340
462	70
146	38
30	257
421	559
156	429
330	370
35	501
43	249
72	406
492	245
123	548
329	526
72	204
303	398
561	84
523	23
393	111
121	69
280	532
299	86
238	430
54	358
46	575
506	223
361	589
118	102
555	454
509	289
310	552
209	44
313	169
154	291
356	61
51	169
555	6
402	294
156	470
354	312
199	568
423	489
138	372
453	94
310	297
268	23
129	60
276	130
384	47
290	10
545	437
372	165
371	194
511	28
266	152
594	395
139	308
198	104
184	278
380	184
496	151
11	197
350	21
445	12
573	594
14	394
229	443
168	335
308	124
109	115
572	561
178	36
252	319
299	354
406	504
217	450
301	189
166	262
473	519
193	381
497	294
498	311
123	418
419	433
442	216
88	183
477	44
101	111
128	77
51	186
506	142
439	102
282	200
191	550
326	349
586	563
273	471
315	155
552	519
456	312
250	578
133	284
322	142
89	200
322	146
218	228
262	59
66	305
162	450
93	298
264	395
101	432
354	465
116	436
328	373
349	352
303	510
32	399
302	354
536	11
62	442
571	149
126	563
597	510
368	361
345	460
444	166
453	49
174	584
225	582
102	41
28	556
269	120
475	299
511	197
143	139
209	593
50	224
591	35
254	35
154	7
193	466
157	514
232	314
107	49
279	259
503	398
251	418
336	172
420	356
14	466
91	541
493	547
595	97
37	591
95	66
379	18
72	296
153	346
137	502
524	558
153	569
583	561
260	12
532	526
247	286
514	470
366	349
528	484
124	220
444	106
37	504
336	469
331	448
441	346
428	411
382	52
108	379
298	342
364	247
141	202
591	414
285	76
277	487
140	209
390	358
55	481
60	169
187	179
189	40
412	296
132	123
131	287
459	461
363	344
79	142
496	12
40	455
540	337
468	142
271	244
479	586
11	359
376	160
202	370
587	507
324	317
6	515
184	76
155	516
222	555
233	319
127	256
239	573
234	321
119	528
196	530
442	452
291	593
397	282
95	109
280	254
310	480
407	350
290	269
367	371
513	444
142	164
184	219
295	517
541	359
161	407
176	552
556	137
460	202
591	212
464	71
480	580
549	274
161	530
460	263
195	198
78	39
234	362
366	447
125	506
166	223
456	7
117	272
384	515
154	447
514	535
88	246
72	257
6	378
513	537
226	207
556	249
25	543
201	197
221	585
140	472
340	14
151	238
209	167
346	424
185	427
18	34
268	589
139	57
5	273
155	368
416	311
389	393
0	80
407	464
210	526
536	387
289	8
505	214
238	490
263	340
596	51
26	32
334	136
518	464
486	86
379	123
346	76
491	289
580	295
207	25
535	216
94	248
234	136
179	21
362	187
442	586
312	138
552	540
587	411
508	419
420	259
37	333
509	227
161	357
508	360
399	194
530	348
225	298
482	515
250	333
208	272
136	477
496	333
470	19
464	545
49	397
363	4
245	43
467	542
235	426
530	102
49	376
421	87
30	557
134	220
488	386
404	427
364	292
33	152
289	297
32	440
178	67
497	382
366	218
186	115
30	291
171	78
130	566
550	539
304	342
434	335
322	546
267	210
523	504
15	341
78	577
255	83
530	344
120	460
326	387
533	101
565	500
91	379
334	202
464	469
251	24
241	474
596	71
63	504
192	175
389	35
31	376
505	62
430	272
476	12
55	237
264	327
213	577
237	26
513	406
16	234
148	511
40	310
18	150
206	464
415	196
424	252
9	507
74	597
233	287
35	375
431	323
463	327
57	599
262	598
295	431
584	380
22	599
571	426
24	99
51	408
413	467
124	341
200	156
391	148
87	473
399	419
120	344
535	160
437	353
570	292
236	289
254	465
270	237
109	488
354	402
82	498
453	17
125	441
7	295
290	303
421	299
84	204
543	25
58	445
214	339
436	535
260	535
372	124
231	276
499	172
355	366
559	540
275	481
182	68
324	578
537	290
383	232
0	13
40	74
558	124
207	66
153	460
155	423
104	424
342	480
145	139
353	300
590	33
428	175
443	571
362	343
199	170
303	597
517	179
575	182
366	144
293	377
140	439
476	243
317	107
294	478
410	72
486	88
19	21
316	384
50	418
332	235
16	497
483	220
191	409
488	355
262	532
451	284
154	283
565	112
367	528
403	1
571	152
32	150
3	92
565	334
93	44
528	130