223	243
280	75
224	292
249	359
356	258
300	2
266	67
384	177
349	265
307	44
377	209
147	363
195	258
337	85
170	500
300	45
127	497
296	195
295	326
367	406
301	231
296	31
323	62
247	212
218	169
237	258
304	11
235	361
300	3
243	175
303	349
536	414
375	403
415	267
306	339
77	466
311	362
482	463
357	222
333	377
211	294
320	148
257	205
488	345
385	180
383	169
297	206
229	211
313	26
399	515
316	93
262	441
283	103
300	2
284	67
258	170
333	83
412	411
577	507
300	120
264	249
275	83
301	85
18	511
135	485
350	162
158	328
385	208
160	512
226	242
297	165
356	122
453	348
383	269
151	332
189	442
460	415
233	429
374	246
319	80
266	76
325	132
303	467
295	17
255	161
193	205
301	71
306	75
167	453
504	383
457	388
303	23
285	359
307	39
331	281
350	119
195	257
280	105
160	273
270	235
282	73
441	498
276	95
373	431
186	393
349	293
210	318
510	436
282	211
280	80
405	229
304	38
280	137
302	21
90	384
290	329
108	443
251	112
227	514
311	373
385	290
150	432
151	294
345	448
148	325
377	190
360	457
228	301
323	319
298	22
300	54
299	223
200	179
239	251
297	17
351	228
415	214
235	390
347	144
289	151
383	481
503	407
112	332
299	232
434	329
231	461
371	484
302	36
323	122
321	100
375	451
360	203
291	367
244	279
293	22
229	216
403	259
422	278
272	110
297	9
238	154
145	293
220	334
430	378
283	72
318	87
301	57
65	507
480	476
157	250
384	263
333	213
292	381
314	353
315	93
413	203
301	41
499	368
228	434
389	183
289	190
344	90
288	38
300	11
393	425
300	2
465	483
321	469
160	282
296	90
174	365
245	160
317	446
277	434
285	124
308	197
321	73
308	445
316	33
133	426
274	112
442	371
262	147
231	127
387	228
347	102
213	266
203	416
383	223
502	390
314	261
492	340
201	183
444	451
226	178
219	319
193	474
188	313
216	494
418	467
495	386
284	67
311	189
577	508
110	358
330	255
372	147
152	266
459	413
299	6
289	251
235	190
364	246
358	186
326	54
443	263
263	149
258	281
485	423
179	442
252	479
155	358
297	243
41	459
224	254
325	79
308	183
345	93
366	497
302	119
341	95
205	273
329	240
305	206
212	331
300	3
268	228
416	335
300	1
121	338
345	516
245	111
372	164
296	10
424	334
381	490
156	420
529	425
172	515
357	110
345	395
302	281
189	383
335	254
364	243
273	55
218	503
200	410
385	435
285	175
287	177
169	436
330	155
190	216
343	188
299	4
226	386
215	403
235	404
303	13
292	490
345	229
245	217
207	297
120	346
83	478
405	319
158	434
351	109
378	248
269	194
275	494
142	310
413	265
134	317
297	122
287	70
280	49
319	326
266	72
250	206
197	241
193	421
202	485
311	32
293	474
194	468
271	205
341	365
236	490
328	212
237	351
415	296
190	278
292	35
203	328
394	298
341	115
132	410
317	96
108	394
394	339
327	54
158	431
294	19
303	13
274	120
470	383
306	40
476	506
339	210
278	106
517	434
218	157
297	17
194	345
340	98
311	39
264	149
346	101
522	390
273	67
203	431
373	189
375	413
288	76
302	74
382	274
281	459
346	387
216	230
297	57
337	72
362	175
535	426
267	334
322	315
301	515
176	468
295	166
139	370
247	105
218	396
346	132
290	41
236	169
275	322
449	386
349	224
351	98
284	508
296	12
537	512
459	455
342	178
351	251
466	400
221	364
354	97
284	58
186	451
297	8
508	455
294	138
343	297
199	250
394	224
72	462
304	80
450	436
315	145
97	425
382	358
329	506
22	510
478	317
282	180
137	418
374	257
562	502
396	235
216	495
113	351
400	428
263	326
283	85
302	190
300	69
511	463
308	339
442	454
413	201
308	368
316	443
308	15
344	171
280	75
312	43
487	423
88	390
477	384
300	72
225	392
486	415
359	118
289	119
164	475
304	45
215	364
252	92
204	242
301	23
378	138
482	369
322	57
357	284
346	84
312	52
223	159
531	459
212	229
307	117
321	45
143	471
301	358
319	55
281	41
166	360
236	179
356	255
310	89
396	390
368	425
346	179
281	45
331	484
277	360
258	444
195	203
212	277
286	82
336	508
421	211
282	284
286	37
311	145
528	403
296	139
427	262
441	370
241	310
306	22
110	390
132	422
360	143
345	443
212	198
260	86
441	477
297	28
305	147
47	448
265	156
190	205
204	487
150	375
302	7
437	443
504	451
415	473
327	60
310	177
245	428
78	411
286	500
189	505
267	59
258	402
285	187
152	371
563	489
548	451
356	508
307	60
259	186
317	72
229	128
162	273
290	35
292	28
283	430
276	61
265	67
300	1
331	57
319	64
310	357
295	24
226	239
263	192
279	137
477	416
409	261
117	373
266	149
368	123
334	67
253	107
160	483
285	388
307	38
461	288
318	67
346	508
79	460
245	138
277	106
326	311
145	280
227	240
339	448
318	57
425	244
304	183
313	24
156	393
292	186
344	353
357	252
335	74
52	488
301	25
314	73
326	72
202	215
306	280
475	330
195	408
200	175
301	224
361	185
376	162
362	442
76	500
272	69
89	433
122	354
509	447
123	492
119	387
291	61
293	148
166	256
320	59
206	221
38	518
308	148
402	456
148	386
291	410
301	18
281	319
324	399
361	458
90	386
468	487
486	349
311	93
229	261
278	50
258	93
539	423
401	277
246	114
299	26
221	286
264	200
308	70
37	514
391	506
304	46
512	463
307	157
230	284
287	86
366	168
178	314
351	110
314	94
355	154
518	500
384	337
342	94
294	48
300	15
420	282
290	36
303	329
433	284
289	407
334	63
290	67
338	248
364	358
224	388
331	63
312	302
147	498
245	323
168	435
318	479
329	61
325	45
281	58
290	207
216	264
267	274
298	8
350	377
304	52
248	290
324	85
272	278
291	45
309	117
317	64
357	332
308	68
165	313
265	170
355	135
301	5
247	135
400	354
160	416
352	176
306	236
297	60
443	332
324	167
361	187
392	476
498	459
505	440
94	452
315	90
500	403
177	264
298	365
511	503
222	293
277	48
303	233
261	162
322	88
540	439
301	48
344	161
278	99
332	154
423	341
311	178
291	127
358	145
383	168
182	267
258	474
297	202
302	7
349	93
267	190
539	483
78	467
234	241
235	119
86	482
388	244
305	21
473	459
263	280
101	406
235	271
234	150
358	313
557	466
261	98
178	516
340	512
204	168
359	141
295	371
317	153
291	21
331	275
251	341
331	87
287	394
336	307
373	411
295	455
183	278
266	113
468	348
202	410
431	487
232	146
330	247
293	73
293	175
282	42
203	440
318	254
364	137
283	36
321	117
305	216
264	127
294	167
383	299
96	363
396	230
392	306
70	468
185	285
307	67
369	138
213	280
315	143
475	415
353	180
270	66
439	467
283	145
411	405
354	98
297	75
336	382
312	31
279	400
262	158
350	93
377	254
330	327
210	211
313	120
534	509
139	448
132	303
299	426
361	226
504	456
56	446
210	170
284	99
270	377
431	511
291	28
300	41
148	432
300	161
496	387
381	519
318	155
348	255
279	173
432	488
356	107
263	287
342	295
321	460
197	278
490	519
252	384
222	209
264	98
243	313
406	244
301	223
430	334
330	147
290	202
225	293
439	364
116	377
290	131
351	221
299	235
257	343
373	267
374	148
348	254
299	28
129	306
334	233
543	440
260	114
103	379
195	443
361	498
112	334
287	105
293	35
344	93
335	71
490	478
142	439
472	517
254	196
446	469
310	48
228	252
469	334
324	60
300	4
347	348
307	22
339	106
293	435
35	503
322	227
227	184
296	418
350	166
198	447
204	364
298	212
316	98
232	277
282	39
215	355
246	185
334	74
323	77
251	265
206	283
410	371
332	355
444	267
307	43
180	209
291	155
359	225
296	37
147	348
505	406
321	111
219	442
246	109
123	384
272	135
309	33
532	424
309	220
177	234
249	254
451	396
305	507
204	274
539	465
234	330
286	106
159	339
304	25
292	39
285	174
297	45
268	119
438	279
419	248
367	119
444	405
302	468
511	461
323	408
370	171
353	490
260	420
305	15
349	378
345	277
470	415
246	370
320	165
361	140
301	495
425	275
502	465
216	252
389	178
542	511
88	406
327	346
306	29
144	413
302	132
50	439
365	170
301	8
310	352
424	483
137	432
313	248
446	276
312	159
288	216
257	402
287	70
208	167
101	436
247	487
303	15
372	272
124	355
457	366
410	295
55	460
323	265
330	146
403	270
218	352
229	504
249	95
294	177
260	247
370	269
293	31
325	356
473	417
292	168
227	170
231	384
299	261
329	472
138	456
232	242
57	462
229	175
298	257
327	416
215	235
153	439
282	265
226	152
300	14
312	40
259	481
401	218
244	313
185	281
327	182
394	275
271	492
502	455
232	125
279	110
256	339
327	309
218	293
247	168
318	278
454	446
358	205
387	396
281	58
256	296
337	70
339	125
309	370
349	509
178	359
342	116
506	402
461	487
200	424
368	170
288	352
141	457
350	353
338	345
229	519
426	465
300	4
168	422
244	127
263	283
275	251
141	434
320	377
330	174
51	448
307	104
373	465
322	280
316	205
449	296
494	377
269	324
231	393
515	421
234	274
426	300
404	205
218	158
324	494
471	403
473	484
333	272
163	383
519	441
340	427
267	85
285	142
187	203
171	324
80	477
310	196
297	7
317	171
419	304
476	442
298	6
462	379
309	148
346	166
303	8
168	478
261	198
384	183
70	440
273	329
279	53
266	183
300	59
575	478
256	277
194	282
327	58
207	406
472	372
301	12
423	319
488	359
245	161
346	423
359	203
247	257
295	355
272	73
189	309
250	139
309	148
435	266
196	446
464	363
89	407
301	119
229	131
351	99
298	9
204	296
408	365
380	205
536	506
291	41
342	92
408	231
211	468
437	287
297	226
454	305
367	287
299	371
275	60
349	170
295	480
310	49
318	36
279	64
493	432
162	258
483	403
305	497
326	80
223	150
298	28
186	213
376	247
274	173
387	430
249	258
440	467
383	470
273	116
333	345
444	267
384	161
403	389
308	23
314	180
498	501
256	210
395	343
320	264
299	5
289	125
185	261
293	96
302	267
165	242
485	441
148	319
248	99
418	395
300	9
273	76
256	257
259	177
217	239
339	494
350	286
308	155
188	339
384	181
91	418
338	270
46	448
246	248
247	96
536	517
184	322
147	276
300	4
522	416
127	324
231	339
285	293
538	483
197	264
252	336
352	494
173	301
409	386
271	218
388	435
473	379
353	402
193	313
364	273
331	277
244	126
334	248
408	251
347	112
297	8
223	258
294	144
211	376
286	189
266	369
138	517
299	22
409	389
496	407
347	388
356	140
261	166
176	252
509	401
401	189
232	147
488	365
300	64
351	145
136	334
180	384
357	455
268	103
224	143
349	162
283	75
287	30
379	189
61	436
268	150
334	82
270	64
270	334
449	336
211	268
539	468
556	500
307	191
302	67
281	40
415	499
262	365
350	141
297	208
322	236
266	145
430	229
291	433
259	284
307	512
74	410
179	307
119	319
274	63
307	471
342	441
465	383
300	98
285	82
338	112
278	297
300	32
168	473
184	352
293	260
418	458
319	63
216	165
289	57
258	95
286	63
191	236
445	313
296	45
524	408
138	306
482	344
249	472
297	31
373	426
24	484
396	392
570	487
414	297
255	105
466	422
221	371
438	515
209	453
103	440
260	105
241	205
205	288
125	375
337	233
90	412
310	114
187	319
184	365
157	371
350	138
494	444
321	140
189	502
300	68
343	158
328	294
315	145
141	280
306	13
248	113
277	88
319	130
367	304
278	472
152	264
220	160
409	472
357	124
303	52
205	437
303	67
343	510
260	297
91	506
351	175
476	377
286	239
384	456
69	435
519	383
279	411
288	67
299	24
320	218
328	273
288	440
403	276
177	225
358	143
378	158
481	364
380	214
168	503
314	36
295	168
275	159
251	412
248	99
300	191
408	365
206	335
379	139
266	111
182	372
386	170
461	300
364	137
277	515
378	190
324	256
337	319
282	326
67	489
386	466
413	376
309	86
309	224
159	419
116	337
320	467
269	84
134	489
337	83
353	95
414	393
234	227
85	417
591	516
183	268
457	281
272	317
296	16
363	157
551	470
288	347
370	161
300	48
333	347
223	166
348	491
107	373
300	267
316	138
323	311
440	305
364	164
86	429
276	128
245	374
416	266
445	507
320	61
300	27
13	507
280	65
116	321
390	164
306	40
232	231
273	382
466	494
305	486
372	271
218	267
422	490
347	108
449	384
179	431
286	27
457	339
359	177
269	72
359	319
237	380
365	209
432	360
301	5
357	208
362	138
395	327
289	123
72	422
324	141
327	119
319	430
310	48
354	209
460	494
132	295
357	359
228	181
280	279
297	31
396	468
285	139
254	405
299	209
304	126
304	25
265	73
254	164
88	494
159	373
290	23
291	69
270	183
265	447
217	151
314	73
328	403
306	28
472	347
313	82
274	472
498	364
208	375
483	481
298	349
163	250
243	208
503	390
294	267
388	326
353	204
154	382
281	169
326	487
183	269
448	397
310	269
364	117
297	46
136	462
190	218
255	413
341	494
291	400
209	172
300	167
331	513
413	249
277	279
254	259
245	489
350	369
177	498
300	1
101	471
154	357
307	21
346	427
276	166
373	265
134	411
306	30
280	224
220	259
275	125
263	353
161	390
308	27
115	328
350	408
196	193
157	359
352	106
340	339
370	269
295	13
402	225
320	246
295	375
158	320
299	15
123	448
189	217
303	42
282	447
403	490
308	306
301	40
34	516
166	341
287	33
397	442
285	115
248	263
405	209
497	408
326	167
409	360
94	395
286	203
466	345
321	125
394	179
218	327
402	222
288	455
248	246
279	56
297	28
303	500
301	25
300	49
389	187
229	350
86	511
497	347
300	4
158	400
279	107
244	121
308	15
401	272
33	511
337	73
392	166
236	403
307	54
460	452
124	319
244	518
332	135
11	512
175	326
249	222
274	216
228	295
288	79
300	2
251	94
127	427
302	54
221	172
175	408
176	402
351	289
343	85
145	313
358	143
328	185
242	373
392	196
327	73
387	268
134	321
177	406
483	382
359	111
272	273
352	404
149	448
257	273
365	170
419	288
355	203
451	434
330	176
271	443
306	65
301	60
249	243
375	469
265	154
282	93
147	394
425	349
326	99
321	139
303	112
413	231
280	92
75	494
324	86
287	55
369	271
484	439
182	235
397	254
159	484
300	6
303	57
406	399
317	56
211	329
365	138
405	509
49	438
288	338
245	196
94	416
245	179
345	356
409	254
285	51
344	223
250	267
391	296
449	339
443	269
320	95
239	515
208	504
311	494
315	295
293	48
281	35
376	332
233	158
266	144
264	66
358	383
523	405
302	22
259	221
419	414
296	145
413	400
233	192
447	352
208	174
291	107
295	13
445	449
391	333
348	136
312	55
551	451
308	15
294	367
485	413
386	178
295	505
514	462
294	295
359	158
414	274
174	456
373	362
277	286
304	170
332	145
283	462
272	138
289	42
326	47
494	442
289	48
379	149
206	229
278	256
347	165
316	486
178	301
284	180
300	26
270	120
183	287
364	438
283	31
349	431
133	381
360	293
327	468
299	15
253	119
300	40
312	246
316	480
352	242
357	151
46	476
508	519
408	507
441	247
291	417
417	286
432	404
331	74
292	25
272	71
291	86
244	108
300	81
369	320
241	184
322	303
315	28
291	122
302	16
321	197
270	228
463	340
303	86
265	437
220	264
391	159
209	221
310	211
376	273
346	280
350	106
320	127
233	290
191	192
301	340
374	518
301	33
349	260
258	80
267	494
389	263
507	373
388	234
180	285
108	449
176	257
490	426
303	53
326	105
163	280
475	340
308	71
340	344
271	169
304	11
143	305
540	502
309	41
148	344
319	52
278	54
352	94
306	199
423	238
294	15
128	326
305	457
106	338
381	325
302	189
263	173
169	423
262	177
462	339
274	62
456	396
122	428
400	203
430	510
198	224
201	241
230	161
359	182
378	375
310	65
383	252
215	286
266	250
96	364
468	351
309	25
391	319
263	66
203	438
195	281
157	293
380	277
298	68
309	79
316	263
371	133
498	381
273	48
172	293
173	250
353	324
391	166
290	138
321	125
207	359
242	495
279	85
310	70
375	134
366	153
259	169
398	233
462	489
239	261
369	146
268	197
337	315
352	171
306	26
267	482
87	379
275	455
373	283
330	146
218	168
253	124
269	111
422	266
459	446
298	209
302	502
524	448
395	381
285	71
274	139
314	77
486	359
325	93
311	54
493	416
281	143
229	293
229	248
284	33
72	428
533	461
429	356
480	346
290	48
297	236
497	375
358	407
354	358
425	222
378	279
296	54
346	513
204	373
291	65
265	365
259	325
427	422
303	80
237	264
336	77
431	381
302	44
305	427
398	211
166	342
490	351
235	399
244	446
349	126
269	413
219	231
230	472
437	514
120	336
432	364
174	439
336	100
375	150
277	517
310	45
438	320
449	306
141	392
224	474
100	394
287	30
285	151
313	89
490	427
401	516
301	54
397	330
94	423
261	505
551	484
318	64
250	113
210	182
306	483
132	319
162	474
211	440
300	151
279	141
212	474
441	492
285	156
459	412
155	334
365	171
266	135
61	477
319	77
228	402
290	104
241	409
318	253
367	241
278	61
386	305
437	256
213	270
234	203
302	242
363	130
317	50
312	134
387	164
71	410
348	339
427	475
368	384
278	405
205	173
307	41
304	498
456	320
187	314
191	433
328	462
334	152
140	486
401	186
302	8
267	173
87	487
317	73
212	267
442	340
323	48
49	456
460	455
258	190
291	518
454	443
280	448
255	94
321	42
265	345
435	328
291	84
169	232
317	62
204	475
242	179
268	99
326	74
285	57
301	170
271	62
390	388
353	219
294	28
319	479
316	113
135	490
267	99
229	315
243	165
163	396
329	327
202	245
237	401
159	494
91	385
298	35
301	440
316	44
294	299
132	491
143	315
529	407
292	435
311	22
389	487
349	224
285	69
311	93
421	258
308	332
314	434
393	336
395	398
288	46
331	278
373	189
321	183
316	377
235	343
300	112
318	507
198	308
335	156
307	315
249	95
315	73
22	512
347	210
487	473
242	280
355	123
411	402
200	181
310	140
404	414
217	475
321	41
19	493
511	446
222	148
363	474
300	2
298	49
75	446
300	60
140	445
273	60
314	83
229	233
308	121
308	50
76	402
273	64
300	2
355	313
134	374
338	462
376	365
312	192
341	411
316	483
273	279
337	132
406	500
241	270
210	432
189	481
320	306
250	210
208	189
215	482
342	298
252	196
310	35
177	418
443	264
271	108
147	359
392	506
266	76
167	384
20	488
173	346
325	56
278	93
164	267
316	174
297	258
386	356
295	25
262	150
199	224
315	100
133	433
445	267
350	107
212	198
258	110
272	72
334	280
318	196
333	364
305	105
299	80
293	62
271	54
370	139
453	299
539	417
321	355
285	74
290	399
552	451
263	214
254	161
264	106
207	272
319	376
289	23
241	442
435	327
250	496
304	36
328	138
286	215
340	115
207	248
218	401
300	164
297	172
105	450
389	444
287	28
291	216
307	177
135	358
246	106
311	67
291	87
449	326
235	408
331	130
204	246
492	349
366	142
241	383
299	9
494	442
516	513
439	455
315	261
425	319
342	110
217	291
186	352
228	289
398	393
563	507
83	479
330	330
401	225
303	22
389	366
337	72
302	15
294	422
398	298
287	54
400	425
85	445
216	149
273	216
361	512
335	422
302	371
206	310
177	381
254	145
257	264
282	93
253	240
306	22
354	164
448	261
202	199
316	157
219	174
151	396
497	348
274	113
304	29
340	113
316	123
234	139
299	502
268	193
235	169
301	112
289	467
333	120
259	187
164	265
306	71
310	57
164	291
337	105
206	274
303	106
307	48
447	289
264	192
324	253
303	418
325	60
436	303
383	305
420	389
284	95
357	280
192	239
530	493
293	236
456	342
139	467
309	234
247	161
258	134
207	180
207	164
187	376
400	195
112	410
268	329
335	91
469	363
251	143
318	212
275	422
236	264
339	377
345	181
288	75
179	235
375	377
398	420
319	370
292	57
166	455
299	48
282	131
291	93
300	474
203	274
178	400
466	362
485	432
407	291
297	21
300	21
215	190
261	188
236	353
341	240
267	168
399	364
301	15
251	258
282	75
283	494
182	415
414	419
156	290
166	241
251	180
307	35
306	214
338	216
130	421
440	261
247	332
288	209
348	121
474	308
440	323
201	190
266	226
207	272
322	338
326	119
369	360
390	227
430	233
275	158
214	268
217	231
262	488
321	370
232	188
189	226
528	460
280	300
192	308
456	410
325	131
311	24
352	100
295	73
434	515
378	355
263	342
495	449
510	407
351	318
219	155
270	91
216	168
289	139
56	502
477	395
311	83
532	455
369	324
49	473
160	415
349	301
317	262
259	408
236	507
419	275
284	501
148	338
177	345
209	399
173	306
299	7
312	235
310	19
304	14
418	216
216	424
275	280
187	199
216	367
300	63
149	264
373	205
258	180
340	284
167	381
288	164
280	283
346	108
316	76
257	100
292	69
296	21
290	107
117	465
376	234
349	507
383	153
442	418
250	410
210	191
215	230
439	447
346	167
317	379
273	500
116	366
399	189
314	90
187	363
241	369
244	261
183	442
272	170
39	506
270	370
22	487
259	308
394	435
252	86
266	348
352	344
61	507
318	38
331	106
58	460
337	213
523	411
101	356
167	366
384	345
463	288
378	333
256	96
187	200
450	326
379	192
186	472
229	392
229	141
430	238
400	397
258	115
371	135
94	411
267	117
380	353
298	6
326	254
342	162
178	348
289	208
300	9
355	187
418	345
197	383
280	112
187	371
340	439
304	162
344	95
304	11
134	506
504	390
534	500
280	56
239	166
453	281
305	16
322	64
334	68
315	110
247	101
219	270
327	85
144	282
308	57
307	22
97	367
346	131
216	179
384	181
228	135
302	16
405	278
274	497
323	43
289	74
298	9
342	365
297	136
497	410
417	316
225	469
289	183
471	395
281	332
246	384
301	271
115	429
360	465
476	387
177	271
328	127
415	238
253	504
337	87
334	346
215	151
296	92
247	142
396	257
350	201
225	166
336	237
317	55
290	190
127	377
328	401
528	467
252	245
277	286
302	47
291	28
397	454
446	345
241	109
287	103
423	360
292	423
272	319
212	220
302	39
406	357
329	102
330	141
307	49
349	209
365	154
340	498
491	371
383	247
123	479
282	498
292	143
146	489
258	393
323	188
268	93
335	71
176	347
300	19
138	468
455	421
169	231
279	41
196	325
414	405
236	265
370	185
291	200
359	476
269	456
275	135
456	486
294	282
323	57
280	397
73	500
230	504
89	475
466	435
353	161
497	399
276	238
383	228
252	322
471	419
311	39
433	377
247	236
239	242
353	447
253	252
400	244
275	45
409	479
332	242
305	16
315	326
285	233
299	6
290	29
329	62
346	113
312	157
293	106
317	84
240	348
208	442
356	335
294	55
220	160
280	362
298	8
294	137
300	11
302	37
296	13
363	189
214	183
439	377
479	441
97	486
106	393
279	40
216	210
392	390
162	487
300	41
306	30
187	436
277	79
290	339
325	58
306	64
218	437
45	518
240	185
365	464
391	479
309	84
379	513
257	245
370	197
289	241
311	276
294	53
299	259
296	41
281	349
432	313
260	240
185	345
362	274
352	166
188	360
212	190
275	188
402	280
336	65
173	285
270	390
186	408
325	248
306	78
272	469
322	429
213	266
105	438
405	428
73	485
227	308
371	451
275	240
256	161
151	375
134	497
310	81
163	275
328	189
320	175
269	488
377	165
435	309
462	344
452	403
209	410
247	138
328	241
167	403
275	230
271	69
396	507
404	221
137	514
301	40
299	3
314	181
260	504
195	234
284	60
240	471
188	226
88	463
306	173
88	441
464	397
310	211
510	394
206	509
299	3
222	233
179	218
477	434
273	131
289	42
157	399
303	17
253	112
305	43
328	355
139	345
344	364
439	364
259	329
310	45
257	330
300	2
482	457
214	345
305	326
289	68
526	425
437	331
300	9
300	274
294	16
321	129
300	1
308	187
328	398
404	350
509	426
313	98
212	177
298	9
300	4
369	190
393	335
394	281
180	427
384	153
256	378
345	171
443	255
206	511
311	135
231	239
504	494
350	140
250	142
371	410
353	148
364	339
181	486
263	504
237	210
295	36
396	205
225	340
80	423
319	37
203	375
371	190
212	347
208	513
315	73
329	78
450	468
344	471
356	390
403	195
75	462
484	444
282	42
128	397
300	52
390	166
393	498
202	330
241	471
253	201
360	168
189	396
165	382
329	386
252	161
361	120
287	26
315	369
164	495
225	232
422	308
103	401
197	252
239	418
535	499
295	126
316	459
276	94
294	44
378	308
260	102
233	239
244	154
342	82
372	141
427	494
589	519
390	219
201	506
256	481
265	175
307	22
339	145
214	206
350	97
422	261
325	113
262	466
468	391
272	65
85	460
382	356
348	333
308	15
296	53
297	320
411	274
126	484
273	62
115	396
374	190
41	461
96	516
375	334
415	323
309	193
300	13
528	414
338	97
307	43
301	10
259	215
284	58
328	305
287	200
92	462
319	37
202	278
300	6
300	198
306	177
354	102
383	233
185	223
342	135
216	317
229	203
335	72
310	155
342	212
384	190
254	106
491	375
260	71
272	512
71	457
302	161
400	329
430	271
317	60
323	164
374	460
331	400
392	507
309	61
144	278
382	199
262	67
354	254
255	96
340	500
303	92
413	235
175	236
298	6
288	177
374	463
276	63
175	473
331	237
304	415
296	61
315	428
487	419
547	513
372	141
329	259
126	340
357	102
181	223
184	468
308	41
213	187
444	274
224	348
65	467
388	176
279	98
300	222
207	379
309	59
372	139
318	69
554	509
276	510
282	35
301	4
444	498
417	270
362	177
454	344
236	454
300	11
320	50
287	200
179	300
300	180
214	224
405	413
300	28
286	66
285	61
329	303
253	296
214	256
269	62
288	53
169	236
449	342
585	515
229	132
149	303
258	287
194	357
261	74
213	429
237	164
441	455
315	224
295	32
294	84
179	374
155	409
235	245
300	159
289	22
383	187
376	153
329	291
407	379
344	90
514	488
326	153
363	349
308	63
505	369
288	461
327	170
317	36
532	409
283	140
449	371
215	253
262	84
262	144
283	31
414	221
277	513
270	402
371	478
330	261
464	474
300	21
241	516
306	305
130	482
285	391
324	360
461	415
316	80
315	179
322	41
338	181
315	68
316	479
208	227
292	362
281	41
296	40
283	213
275	54
308	410
231	205
329	75
301	372
304	16
193	202
196	455
291	55
196	319
369	282
439	285
309	19
211	170
472	443
144	476
133	298
271	413
158	372
50	447
356	137
221	209
210	207
327	108
315	29
304	274
194	512
465	313
421	323
258	361
282	357
303	456
274	494
370	385
332	145
152	271
419	432
308	20
131	423
471	384
355	190
352	125
381	455
243	198
323	217
321	267
185	427
131	508
552	474
222	387
451	397
217	472
244	459
126	342
219	171
107	507
492	472
297	417
262	69
293	142
272	95
292	33
154	486
257	218
294	318
282	170
250	123
416	274
200	248
385	265
295	83
300	2
247	151
211	208
355	160
458	278
288	347
312	57
100	508
31	517
308	139
311	35
298	315
521	473
335	199
165	281
117	380
427	298
317	168
208	244
305	27
293	242
274	381
490	443
139	340
300	1
432	268
376	356
179	502
170	305
174	461
214	180
236	342
322	80
182	213
399	219
200	316
310	339
405	237
390	339
198	296
319	125
307	189
345	356
244	103
323	349
377	270
271	259
376	164
390	177
267	62
227	451
303	8
300	7
379	188
123	502
331	83
266	500
372	203
128	400
359	406
472	427
467	321
590	510
419	332
233	154
298	177
310	31
505	400
322	394
320	287
297	394
97	369
278	106
292	467
231	301
196	235
296	306
376	474
384	183
538	505
394	241
318	110
274	204
161	466
379	196
453	293
379	213
343	79
420	209
250	424
274	99
366	469
181	271
263	169
229	447
368	359
299	3
283	316
215	443
343	422
386	196
209	456
353	138
293	37
309	145
374	132
324	151
241	153
303	13
237	376
297	54
397	268
413	248
295	127
371	435
304	150
194	299
158	446
486	403
311	156
452	380
240	172
290	119
192	272
301	359
298	9
68	410
268	88
227	158
143	303
281	60
288	281
325	280
383	405
387	203
355	378
258	209
395	366
355	97
300	1
399	334
104	376
380	308
313	75
245	493
308	292
322	439
355	422
284	168
229	177
244	431
392	173
368	328
381	401
292	63
419	490
371	425
239	233
385	397
412	452
274	318
380	168
185	422
277	59
354	243
311	170
440	379
138	448
360	171
420	258
336	121
302	15
154	378
362	325
310	448
207	422
285	432
359	246
306	41
300	23
304	56
205	427
392	219
289	142
300	3
353	108
234	365
199	407
422	403
303	109
307	327
506	442
388	401
278	108
329	71
199	339
302	40
371	205
382	435
286	32
299	7
388	281
117	511
411	472
69	455
137	399
143	471
289	28
471	345
314	507
524	408
328	123
429	493
402	290
326	254
358	119
308	60
269	406
230	175
333	101
347	339
238	513
249	225
269	199
209	170
287	128
300	418
306	210
508	421
144	410
305	322
274	120
277	267
364	294
410	230
229	140
353	101
270	409
362	109
280	222
339	79
188	273
300	4
486	454
264	448
465	449
308	263
162	339
268	319
462	488
200	252
316	48
238	339
411	232
360	371
297	185
281	204
132	417
333	164
265	245
464	489
327	475
398	470
302	36
235	192
270	307
342	315
303	145
278	494
311	65
305	213
280	333
196	369
253	241
369	207
520	443
456	371
306	194
159	443
461	313
322	88
314	53
266	280
320	140
344	88
466	417
300	1
298	36
78	512
277	65
300	3
346	246
282	49
358	323
306	63
275	46
212	383
203	415
462	395
486	367
285	332
401	211
135	515
308	56
317	34
288	123
339	277
294	27
303	279
329	332
33	480
283	333
247	303
128	420
249	368
276	402
497	484
238	351
144	446
254	254
274	149
425	274
188	474
322	112
274	106
296	350
276	55
303	29
308	170
333	127
314	453
300	67
297	119
302	11
495	360
292	23
499	374
259	201
268	281
274	66
382	270
288	118
328	229
51	494
250	179
305	387
267	303
241	414
377	213
420	489
282	97
342	145
175	483
314	132
255	423
351	457
144	507
288	35
240	143
335	100
326	367
381	398
263	104
264	468
270	370
233	425
231	251
394	176
375	193
261	214
116	339
277	502
282	169
296	41
424	362
300	61
247	113
149	345
352	145
267	408
317	145
296	37
301	3
162	248
302	111
191	460
122	409
295	50
199	449
366	266
171	290
299	75
192	279
159	267
135	314
410	235
255	236
321	438
293	398
301	4
297	29
421	478
132	311
540	432
523	416
121	312
300	1
470	453
324	158
323	472
223	292
301	35
260	125
397	371
202	175
180	516
267	152
329	341
407	218
194	490
201	291
386	203
273	208
440	284
287	192
354	209
269	152
190	297
317	62
316	88
158	453
338	503
335	176
359	518
330	378
287	135
207	258
300	13
352	383
160	255
174	298
301	50
225	463
44	468
305	30
340	190
372	283
478	381
338	395
277	499
272	70
301	5
197	409
293	28
380	427
346	181
216	277
377	318
401	384
238	244
354	156
436	320
335	93
331	61
251	97
318	267
207	241
69	481
204	227
316	48
276	159
290	47
583	492
292	39
290	25
119	471
436	330
287	511
193	442
307	333
302	19
386	279
293	426
219	171
488	384
303	197
406	258
363	172
245	294
347	229
117	397
357	450
163	416
294	73
280	180
391	470
271	93
221	293
290	283
355	365
478	332
208	427
228	284
286	122
343	280
227	325
309	41
158	284
321	450
265	353
375	372
210	306
244	225
302	313
322	339
320	508
440	298
242	276
505	362
219	200
324	406
238	439
288	144
345	133
377	173
372	504
299	102
442	452
87	417
298	41
460	363
377	352
320	390
289	67
465	414
318	220
407	479
332	127
293	36
350	235
114	376
379	183
171	325
257	415
316	172
232	476
431	353
302	354
381	172
233	295
334	140
178	314
175	430
76	397
439	454
152	401
184	209
304	115
335	353
369	487
465	387
345	106
169	490
402	209
222	320
376	432
250	233
358	131
330	195
291	25
210	181
226	390
263	519
316	41
314	54
274	59
191	502
147	341
302	29
76	432
186	371
254	481
195	428
287	28
313	300
268	70
435	436
75	396
286	359
318	39
328	446
132	309
342	228
286	166
182	287
178	343
355	390
179	356
417	439
561	459
293	22
320	293
294	118
187	461
381	376
388	302
90	431
393	302
298	288
300	22
295	70
434	504
359	269
255	158
204	431
159	364
297	47
195	315
372	422
279	475
300	3
341	78
186	230
294	25
520	408
57	500
198	306
254	146
203	404
403	472
303	35
294	60
300	4
208	364
523	454
443	445
143	395
300	2
329	238
395	248
337	151
286	48
335	64
303	469
198	395
275	48
369	153
378	360
225	201
299	14
96	488
157	296
154	359
339	256
327	148
337	464
266	63
323	233
423	383
404	447
143	411
505	450
161	358
494	349
148	306
318	50
277	103
450	360
296	52
308	28
305	34
296	162
240	373
460	429
355	449
350	95
218	150
412	351
77	485
101	444
313	135
308	21
314	141
265	229
285	132
298	85
356	249
290	285
288	140
304	61
175	250
328	168
353	444
249	102
547	440
307	263
194	306
121	386
75	422
409	403
415	417
309	28
351	189
428	500
305	75
350	91
375	351
199	265
300	1
325	412
266	286
237	162
78	482
415	319
195	367
285	160
221	139
481	462
477	406
273	73
280	54
276	90
91	433
213	359
288	264
157	337
502	429
304	429
373	362
257	267
376	512
167	390
377	408
287	49
303	69
324	126
464	301
250	233
185	403
361	201
65	430
300	497
83	455
339	175
297	167
383	420
98	367
435	273
281	90
338	109
102	423
250	170
302	9
150	325
406	193
286	61
128	511
128	507
321	178
377	415
186	227
292	242
234	210
210	421
222	172
315	63
373	183
14	502
254	327
142	313
467	298
529	500
222	145
303	422
300	2
352	182
301	209
335	473
364	504
241	134
287	461
392	359
437	446
309	173
460	513
129	395
181	315
535	508
71	398
110	444
268	459
280	300
231	133
337	74
337	117
136	327
310	371
308	280
289	134
208	243
389	413
373	353
444	355
276	59
372	183
344	80
160	410
277	151
368	144
317	266
211	268
261	100
230	257
291	295
315	217
314	236
165	461
119	338
332	139
349	239
36	499
157	268
125	484
309	72
302	57
299	460
315	35
536	500
223	191
333	67
422	513
289	158
346	84
300	5
9	511
175	418
199	448
283	390
454	480
456	331
258	200
426	371
394	364
301	293
402	320
120	391
405	447
316	38
325	295
479	378
242	188
277	320
402	205
301	10
546	514
332	415
214	189
265	106
375	326
305	216
293	135
400	182
445	444
462	368
299	36
304	54
242	110
203	196
281	356
399	210
318	211
301	28
376	190
347	515
265	93
269	120
344	336
339	110
300	8
181	379
436	336
293	57
430	478
508	405
201	381
379	500
335	82
304	203
204	220
185	332
251	310
451	280
405	406
302	19
324	507
282	120
297	25
444	464
372	313
311	422
497	367
565	474
230	396
476	504
368	121
288	22
278	321
287	167
77	514
263	156
246	145
265	423
211	442
269	76
355	244
276	45
287	52
461	470
304	139
570	473
302	49
298	507
512	390
372	268
188	247
217	163
380	328
94	444
484	350
305	39
302	188
473	454
406	201
26	519
318	74
314	27
307	332
272	107
415	440
375	410
286	132
192	448
376	403
386	203
214	304
428	474
267	72
249	145
271	317
305	16
441	503
300	54
115	416
272	82
272	225
276	45
351	172
457	326
329	65
189	463
292	66
314	360
300	278
452	434
332	208
202	205
299	26
273	251
505	451
307	20
378	273
279	289
283	405
279	68
297	18
203	261
179	217
124	353
306	360
329	242
254	202
504	423
339	165
228	229
374	292
312	35
370	164
271	70
411	339
368	362
540	491
372	188
305	152
266	373
300	6
374	145
290	204
316	32
225	254
496	514
457	377
342	137
429	336
409	205
300	6
329	206
301	4
414	201
187	220
454	417
384	274
449	294
237	196
286	39
41	494
291	48
334	164
296	48
366	190
330	64
177	328
301	464
393	368
237	246
280	393
387	337
293	199
453	351
359	193
313	261
291	251
295	58
299	33
309	95
499	440
299	8
313	172
511	414
162	289
361	121
252	170
363	310
473	515
497	490
338	100
116	431
72	447
169	293
273	132
101	471
282	182
269	356
281	53
144	466
260	164
298	223
217	410
305	13
218	244
470	461
382	254
415	486
254	421
232	278
388	361
84	431
101	517
301	200
247	248
302	286
279	80
81	497
221	396
336	372
327	320
472	397
295	114
187	365
222	138
326	87
273	97
253	436
488	488
226	193
451	403
280	266
159	396
299	132
219	247
308	132
250	187
136	299
247	273
296	157
221	517
235	499
455	390
201	261
321	406
330	411
305	24
390	166
365	182
221	397
254	403
402	235
275	162
275	96
74	406
401	217
283	339
510	452
179	326
446	279
336	158
349	210
234	391
341	296
386	380
324	51
330	296
290	114
387	481
365	378
376	183
358	261
297	225
265	287
343	392
184	269
247	104
295	55
51	466
387	175
271	88
237	190
458	297
471	353
289	31
501	351
280	107
284	414
172	306
334	228
329	100
302	237
224	151
396	313
293	125
252	111
185	204
307	81
308	229
244	173
191	505
262	442
314	53
190	267
501	408
283	92
294	192
287	519
365	201
169	425
350	432
250	170
261	70
452	278
386	361
270	243
215	395
320	410
136	419
318	99
297	99
279	54
309	118
128	413
174	510
175	417
327	121
371	510
274	142
98	378
262	151
340	339
221	270
240	339
302	29
366	145
272	299
149	440
335	64
510	365
454	508
68	505
139	414
145	503
281	216
317	51
357	189
309	145
127	502
269	139
414	347
494	497
315	59
182	351
206	366
249	116
262	76
462	391
212	244
578	493
268	258
378	384
288	379
353	108
157	494
228	144
290	261
300	2
328	75
335	443
135	370
46	453
203	252
246	139
303	59
302	5
367	280
172	463
186	379
320	40
300	15
137	463
318	138
293	210
436	384
295	158
506	470
371	306
183	487
218	289
149	311
211	256
345	245
251	110
293	155
254	491
317	237
10	517
218	288
269	140
367	468
320	298
234	164
381	442
372	137
269	108
157	398
307	516
484	389
260	417
173	464
410	266
387	159
163	242
442	295
261	358
494	433
218	380
297	466
323	45
465	432
314	31
233	338
296	26
263	86
300	22
282	389
268	159
535	460
303	402
382	314
292	202
364	477
147	313
309	283
151	305
106	388
297	19
282	54
393	182
332	90
166	476
339	178
400	313
226	271
409	380
371	231
378	306
265	169
268	404
316	130
204	409
296	30
497	403
252	266
234	164
390	338
302	84
308	99
297	59
165	313
304	10
228	129
452	364
300	76
247	146
516	376
292	20
339	314
301	15
345	308
463	476
303	176
380	500
302	148
240	164
210	319
302	263
249	393
116	474
242	135
228	143
264	205
300	2
347	235
202	370
372	300
194	234
201	311
294	28
489	449
284	104
292	353
497	378
278	124
385	207
384	226
336	181
380	217
422	386
242	496
336	77
433	488
48	452
303	75
233	220
249	140
543	487
311	121
332	70
139	293
241	395
363	127
284	397
277	261
270	221
387	377
340	134
354	236
151	277
316	328
409	307
313	27
305	41
316	59
296	206
372	225
305	25
154	327
218	164
303	67
450	397
301	8
311	314
284	254
368	238
240	429
108	444
269	319
457	454
397	235
412	405
316	274
413	230
176	397
320	222
318	62
174	286
343	183
266	235
325	50
378	326
257	171
403	255
184	423
436	267
450	306
443	418
308	139
197	190
187	287
299	3
266	145
322	80
451	321
491	459
283	155
248	136
304	258
283	164
322	265
240	132
251	219
70	448
322	49
305	88
291	513
463	403
313	267
395	222
103	448
492	363
214	320
427	323
437	377
309	116
247	117
300	34
426	240
356	182
266	70
281	227
267	481
222	145
164	423
241	421
267	75
317	314
285	153
296	31
254	443
287	410
261	508
246	389
528	417
232	160
286	487
253	104
262	173
451	499
277	425
223	447
360	229
262	183
294	72
223	276
299	6
418	296
249	151
305	263
216	236
379	170
404	187
142	284
340	96
337	86
299	15
169	490
289	29
304	126
217	217
300	128
79	429
282	88
272	158
325	335
91	494
317	73
250	330
161	328
313	116
291	29
292	71
245	514
372	297
128	397
425	322
402	455
292	469
402	452
306	259
458	309
366	335
208	381
532	446
217	275
210	224
275	164
167	413
172	273
292	103
334	452
382	158
300	7
306	44
291	132
273	160
203	216
161	257
309	63
164	295
245	114
455	399
422	405
278	47
281	483
387	180
227	149
300	448
258	389
267	343
381	345
210	451
183	222
232	136
202	194
259	282
312	30
330	119
366	373
327	61
365	381
392	189
175	256
289	407
285	80
239	498
195	311
314	40
331	280
373	433
317	32
292	262
378	477
549	437
291	249
296	35
375	184
38	494
359	214
276	339
306	28
156	502
303	18
387	487
466	429
115	351
319	91
450	468
323	60
304	28
309	20
241	319
271	85
395	415
386	305
483	358
268	172
314	145
193	237
550	501
121	452
392	213
223	322
249	151
404	485
301	35
276	59
204	471
279	293
342	194
242	128
35	487
314	103
285	432
240	399
163	248
366	206
317	192
318	268
172	347
167	476
295	509
131	394
205	243
365	364
345	106
214	323
306	341
330	133
289	57
128	367
290	209
134	507
257	99
192	250
295	214
413	321
420	336
255	154
297	304
315	43
189	407
377	175
322	503
92	513
320	316
315	99
301	6
207	402
282	142
206	225
69	445
93	516
220	220
309	150
393	461
253	355
279	104
268	169
296	20
392	272
275	444
426	266
249	263
220	171
279	41
355	513
287	129
327	364
287	230
305	55
327	431
187	478
349	138
296	453
399	196
330	96
325	517
286	33
486	506
286	160
424	350
541	512
298	50
105	354
342	385
265	86
233	233
239	174
301	3
317	429
250	249
429	238
400	256
379	271
267	70
270	413
352	96
480	366
272	135
485	428
491	358
523	500
353	144
263	519
266	119
436	266
385	461
351	106
376	235
437	248
286	67
153	434
498	367
434	293
312	303
224	168
296	16
338	215
225	505
281	114
186	452
328	54
272	376
288	83
111	481
321	267
198	265
95	381
551	497
320	180
344	382
277	498
372	162
180	285
494	427
355	442
536	513
269	359
359	306
312	79
198	341
425	462
223	324
256	513
313	151
321	354
413	236
279	494
515	412
293	18
232	353
262	172
354	400
394	354
334	152
289	352
306	63
406	508
138	434
203	288
157	263
295	262
267	97
492	361
301	5
268	66
323	128
371	242
255	249
321	86
300	185
376	166
257	96
280	273
332	216
297	35
281	278
213	473
409	429
300	27
345	331
322	75
304	23
155	483
484	330
316	151
193	345
209	313
251	161
470	325
224	145
289	478
328	70
168	326
167	253
297	35
247	93
318	54
288	48
340	89
322	307
364	293
412	364
296	259
576	494
250	442
396	463
432	297
286	317
245	248
475	317
495	412
293	30
428	341
177	273
277	303
334	251
256	264
322	341
281	171
277	67
407	240
215	315
546	439
334	102
304	22
503	430
294	446
489	392
280	301
548	500
301	49
292	67
124	319
376	286
298	160
343	180
385	506
267	98
391	306
204	387
301	474
411	457
320	38
515	423
322	58
233	338
359	217
151	347
263	108
196	248
306	20
224	412
262	125
141	374
126	509
304	42
202	226
318	218
306	210
360	264
312	423
382	146
61	486
423	275
359	405
251	119
226	504
485	371
302	105
315	516
285	403
279	265
526	483
422	285
223	454
338	395
267	73
331	289
422	491
217	206
522	429
466	372
204	174
252	266
340	138
289	34
337	75
201	256
510	429
264	125
222	350
585	501
477	311
169	395
269	72
80	469
409	192
96	429
200	427
309	399
120	455
301	10
343	110
294	140
421	458
355	482
326	97
470	368
286	342
286	35
305	21
433	517
214	175
192	358
330	255
48	519
299	114
288	219
344	123
58	462
309	107
239	244
312	128
404	297
243	199
263	99
328	391
375	216
309	17
221	394
296	10
357	321
300	148
465	482
349	424
464	453
359	360
471	514
234	308
311	330
280	140
422	507
259	126
294	23
272	349
463	468
193	248
251	143
363	223
337	512
74	401
258	151
316	82
220	365
277	143
321	118
320	367
358	109
304	13
311	164
298	8
302	19
300	4
338	128
306	24
248	183
290	168
190	272
284	41
422	396
272	502
298	62
334	124
410	300
221	235
209	224
207	192
328	195
264	86
337	144
321	48
412	512
399	241
312	69
328	190
301	234
306	301
476	363
355	201
403	433
283	319
312	110
440	431
264	89
166	468
327	328
287	32
129	403
180	381
332	84
241	336
300	21
83	481
314	28
301	4
198	197
135	407
220	174
179	365
298	16
505	443
514	396
281	164
319	229
329	116
299	59
283	83
323	174
81	406
231	481
344	197
306	51
298	52
85	394
303	133
293	48
181	332
229	442
201	209
241	185
277	507
439	358
283	507
287	30
249	220
347	131
218	276
245	185
348	201
550	465
209	284
313	67
334	203
391	284
299	85
490	418
311	44
358	179
346	200
323	360
451	454
217	380
494	442
224	151
329	254
184	357
256	387
275	63
187	258
195	484
383	311
284	51
300	3
291	86
365	467
300	357
257	133
263	92
408	335
317	33
16	501
520	477
309	20
240	170
296	288
221	138
229	382
477	492
316	63
413	351
449	267
390	320
247	149
243	103
291	358
325	49
292	22
299	22
266	272
293	36
205	332
388	162
231	229
328	295
276	69
418	290
300	358
267	417
249	91
412	413
330	316
514	499
243	376
336	242
107	339
398	481
483	441
49	496
504	393
213	156
300	94
361	334
311	53
314	55
290	30
304	84
126	514
369	152
415	323
343	203
498	458
247	108
285	487
386	468
390	279
124	485
398	218
320	364
305	232
440	262
521	485
439	252
299	345
85	472
468	347
271	394
290	34
176	326
170	281
339	99
345	247
327	453
228	410
289	51
287	307
261	423
227	155
448	278
271	154
317	130
528	507
321	59
177	332
386	345
174	416
273	50
204	416
238	416
226	328
296	19
422	238
355	422
313	417
469	382
429	227
292	217
212	205
302	35
195	304
167	246
479	390
335	100
379	147
354	112
496	420
289	446
301	3
191	358
323	63
135	327
132	348
316	160
277	130
279	50
219	169
142	300
188	254
290	102
454	421
339	472
165	383
129	451
266	484
481	477
341	510
263	273
213	185
134	501
444	389
495	499
180	392
392	475
180	507
184	248
366	126
229	147
349	256
446	254
261	170
302	53
126	313
277	105
386	419
300	73
299	356
316	111
253	198
290	39
271	74
299	108
234	477
181	213
341	468
258	84
249	114
261	78
315	169
224	170
306	308
298	184
302	50
304	77
322	239
233	268
464	343
332	145
300	13
265	375
335	417
296	48
310	242
387	333
462	415
300	9
247	317
260	251
228	436
179	459
87	460
246	168
327	67
137	431
366	153
333	60
307	46
302	36
355	164
171	503
200	189
277	77
318	258
308	247
288	279
312	271
312	216
68	412
286	498
453	311
482	372
216	260
35	495
191	497
294	118
73	449
377	158
411	257
217	459
152	375
300	12
439	420
305	14
355	261
392	172
501	403
370	221
189	340
432	452
415	264
300	6
530	460
186	225
286	130
139	462
427	283
222	373
235	439
244	158
287	473
396	194
307	80
300	384
292	19
366	461
337	293
270	176
310	127
351	267
374	209
201	414
311	404
381	238
346	404
300	188
238	357
360	277
154	416
410	219
332	267
288	275
358	167
329	170
422	236
393	296
402	345
351	113
157	262
287	25
371	210
311	31
440	274
315	36
423	355
327	232
359	293
275	122
299	161
372	364
534	457
262	177
485	477
310	32
312	26
339	78
169	327
349	319
208	298
380	287
260	210
319	200
336	179
330	80
340	254
309	315
334	417
302	128
347	207
412	405
277	368
305	186
296	47
234	368
303	326
511	381
313	274
290	42
317	234
310	183
410	416
437	265
401	223
390	465
279	54
395	507
305	142
210	367
226	157
245	129
500	352
226	247
362	377
280	237
283	487
490	502
530	405
242	111
309	30
251	340
361	224
220	255
131	347
378	403
327	117
103	358
295	28
354	165
178	235
339	278
237	510
276	106
301	17
225	323
178	504
382	291
327	80
142	390
16	508
469	387
305	22
169	236
212	156
275	217
390	331
308	48
304	472
282	47
331	332
278	329
243	449
325	390
344	117
337	456
300	384
246	145
241	390
156	466
496	457
276	363
398	255
166	387
343	92
239	112
326	136
393	293
392	193
275	254
247	363
430	494
328	184
105	414
371	263
320	270
380	211
379	311
441	298
310	27
490	397
253	90
308	100
333	364
308	189
135	336
107	498
259	159
379	280
170	275
312	404
454	280
285	38
382	201
419	304
402	345
264	432
339	158
345	196
194	519
325	126
91	440
326	62
301	124
502	478
422	282
359	118
275	311
150	508
524	496
253	398
458	354
139	304
464	315
331	414
244	379
282	236
149	403
210	303
213	214
412	267
429	292
415	234
300	388
283	77
254	140
251	482
159	427
320	480
406	259
305	88
195	221
320	182
329	77
360	394
484	403
230	254
370	226
224	280
90	416
487	425
472	349
370	491
234	128
304	33
416	222
323	465
354	509
175	235
426	268
436	375
465	351
198	309
280	136
154	450
255	348
295	99
342	157
448	307
372	468
426	510
335	62
219	483
271	60
354	149
301	131
410	210
452	379
505	405
356	345
227	353
322	245
324	78
410	419
280	441
310	106
299	8
191	388
410	300
208	161
307	500
417	463
343	405
472	390
303	41
199	316
300	162
363	427
353	240
248	412
208	164
338	93
197	351
332	411
232	433
345	205
470	453
300	23
292	209
343	86
409	221
148	282
264	201
319	146
288	38
211	349
180	341
195	375
291	47
286	214
482	404
462	358
305	23
338	249
283	293
88	450
552	484
324	60
412	364
137	289
326	155
299	11
246	153
300	3
301	15
347	325
395	400
380	509
231	232
341	84
403	323
300	2
267	382
223	138
80	430
299	33
245	170
337	475
136	319
300	156
169	435
319	35
346	313
359	132
300	7
41	517
135	367
347	355
59	436
182	376
396	397
288	98
302	9
83	431
332	98
298	57
274	476
318	159
273	228
376	406
354	306
318	399
162	265
257	91
520	401
297	7
417	220
49	484
285	124
294	386
385	477
297	13
252	125
297	106
556	487
90	486
305	108
293	42
393	362
125	310
442	291
517	498
191	225
269	257
317	213
348	360
318	92
237	155
291	142
340	148
91	384
519	517
229	203
358	113
68	441
221	334
512	413
319	92
335	134
268	131
316	125
360	320
328	69
346	455
177	333
279	110
403	235
365	320
177	337
236	313
447	314
238	124
331	64
327	409
26	507
343	203
251	181
416	390
301	35
535	466
82	452
307	342
157	428
316	69
338	498
338	200
349	203
260	72
194	263
244	106
252	86
70	404
314	66
341	295
307	61
548	434
336	202
117	335
368	303
239	270
112	502
216	500
475	472
287	256
460	306
304	168
246	260
282	78
290	397
329	435
93	386
212	473
248	92
210	398
356	157
280	423
474	442
394	398
533	510
295	380
334	154
251	221
359	151
311	366
270	476
355	141
276	43
209	396
300	261
425	259
300	1
126	372
365	138
308	108
269	74
319	158
341	127
325	48
330	146
346	85
170	306
314	255
199	319
283	139
265	77
188	363
214	300
301	73
302	320
398	464
351	236
348	417
229	346
506	519
202	460
289	95
265	487
304	20
386	189
217	218
373	150
326	202
243	116
181	499
318	70
214	250
297	54
333	89
232	515
108	365
416	502
248	250
321	62
261	159
182	420
223	189
211	183
275	86
133	363
314	97
367	463
301	4
136	453
157	326
279	393
233	170
234	292
287	170
301	87
328	296
298	151
364	294
55	485
267	371
284	256
256	107
294	13
296	28
457	512
478	399
487	488
438	249
87	438
314	271
309	122
311	47
201	240
277	264
311	211
341	90
428	267
207	184
303	300
53	519
298	6
329	420
246	111
166	269
304	120
156	332
342	79
306	170
332	125
249	404
320	52
176	233
341	204
123	405
217	239
244	312
147	328
372	238
444	377
358	501
199	344
309	151
403	423
473	364
292	171
338	147
177	410
292	124
452	269
181	271
435	282
165	420
293	22
379	275
315	36
336	113
321	130
241	292
347	228
185	281
275	461
196	207
301	4
300	2
300	3
307	59
333	170
167	397
310	214
142	483
234	205
94	390
120	487
288	88
438	417
209	347
257	246
294	15
389	447
259	106
366	154
254	103
228	166
123	326
474	371
239	150
284	374
283	61
160	322
311	178
182	240
201	233
324	375
510	453
221	235
386	248
258	95
146	299
267	441
402	380
145	455
210	182
303	25
404	237
342	505
207	293
464	479
256	144
302	30
435	481
302	92
170	235
197	284
271	287
127	308
93	502
77	455
328	75
316	40
300	3
502	487
295	224
255	85
300	76
255	506
314	313
478	407
302	317
259	80
345	158
339	83
190	345
372	220
100	433
201	497
248	241
281	88
299	35
335	410
195	388
296	19
390	272
355	491
305	280
253	510
378	293
261	233
277	110
327	48
106	458
308	215
303	34
312	351
284	31
340	319
357	229
289	25
43	514
437	248
377	351
390	448
209	257
344	148
101	509
136	493
277	158
297	11
141	439
313	141
321	39
396	198
296	29
289	182
332	59
472	477
112	429
505	364
239	139
316	262
327	259
181	450
505	407
178	237
343	184
525	410
300	73
306	13
299	81
312	115
290	435
71	467
311	27
115	356
188	336
241	112
557	449
189	425
276	511
487	332
268	515
347	236
231	287
312	500
353	264
373	148
165	474
320	435
216	222
337	267
272	196
116	463
326	143
300	15
332	326
283	173
331	182
271	77
321	145
133	332
268	423
253	141
329	93
334	91
362	367
307	56
247	190
225	222
332	459
420	258
441	283
276	407
321	142
442	435
252	102
291	86
288	22
301	4
457	371
381	443
349	93
387	242
469	354
332	360
402	188
272	452
364	464
281	399
256	194
404	458
488	391
409	511
304	27
264	170
330	356
64	481
426	385
353	150
319	37
180	493
349	374
381	436
155	281
301	62
344	196
446	490
186	217
241	232
205	490
294	134
318	67
278	333
306	37
305	22
335	113
387	325
286	44
279	515
304	19
415	345
304	25
225	461
288	37
317	470
414	440
306	441
252	210
244	263
241	383
344	85
118	326
280	43
551	483
516	487
128	516
64	519
322	48
188	515
107	448
214	500
248	502
242	112
84	491
302	288
220	364
222	303
334	425
234	415
300	483
112	452
370	366
154	458
237	261
332	347
337	78
395	387
404	315
261	138
299	13
415	451
111	333
276	46
142	378
266	422
367	194
493	460
228	485
312	104
149	383
300	30
547	486
146	374
104	366
300	4
377	310
351	353
277	502
166	370
369	137
303	246
401	263
254	162
216	172
331	138
314	86
577	513
212	315
309	500
414	473
367	403
267	59
227	487
301	55
386	457
105	429
399	183
175	223
432	326
351	274
308	89
357	156
277	160
203	314
282	79
298	50
300	99
307	513
411	344
261	80
127	320
343	104
130	398
427	280
40	494
189	514
250	156
250	467
293	445
317	95
360	230
264	73
302	220
328	67
224	320
311	245
175	292
334	389
355	313
325	76
303	54
452	512
304	48
265	93
197	188
84	421
220	512
309	65
304	30
260	167
284	133
214	416
104	410
357	107
309	242
160	253
516	410
465	517
176	289
581	507
212	192
253	280
316	32
294	163
276	90
374	177
473	396
191	405
297	120
261	132
331	236
254	171
358	470
302	16
263	90
307	112
176	415
319	241
288	88
286	239
280	247
287	259
276	209
508	457
404	363
263	491
354	164
115	463
384	181
292	244
547	464
216	417
354	169
345	388
296	26
313	172
189	511
329	494
342	261
235	306
475	383
231	519
545	432
102	512
86	512
233	307
270	271
231	295
411	249
332	465
84	456
332	71
463	356
274	120
297	70
372	488
304	122
263	86
128	452
209	388
264	138
382	193
312	39
257	389
331	73
311	396
277	112
321	42
84	377
348	165
394	183
212	164
336	466
291	45
354	482
419	492
293	196
292	25
291	194
319	119
312	41
365	507
290	65
125	361
229	155
326	88
346	417
300	78
304	15
230	194
370	255
491	474
58	462
375	151
275	266
262	237
291	282
394	209
221	219
562	490
310	64
438	492
370	158
464	351
272	90
307	42
323	57
222	281
306	470
365	196
267	98
295	42
209	436
263	272
493	375
311	211
280	407
296	26
299	307
146	441
274	60
335	456
284	105
201	343
454	392
332	101
197	253
309	272
266	246
417	468
370	175
315	49
175	345
106	368
294	133
366	253
236	519
182	376
228	519
271	480
180	262
50	439
230	173
297	50
322	41
295	28
53	494
316	209
281	266
265	326
310	512
233	416
439	447
302	391
267	212
77	442
300	2
252	124
193	435
190	301
316	188
255	506
108	482
407	332
280	298
446	435
193	467
333	415
337	141
376	156
329	242
310	51
288	185
366	256
329	271
297	48
192	195
439	320
481	488
74	410
162	358
302	22
147	493
197	445
369	459
283	31
320	227
296	33
223	340
277	505
228	148
255	115
322	45
307	318
290	293
187	212
172	422
312	44
99	441
276	76
176	416
114	453
355	206
300	38
280	486
302	67
260	249
309	31
366	443
426	312
143	335
296	489
375	158
339	280
300	6
252	184
210	397
388	223
39	486
239	312
295	11
79	515
304	243
420	270
335	164
430	462
157	415
468	489
298	22
175	455
382	169
101	503
252	196
201	175
348	196
271	90
218	405
360	132
255	229
398	434
199	341
203	409
501	438
75	391
298	164
169	427
175	301
100	434
322	135
298	93
260	286
462	443
305	93
473	324
289	126
235	375
307	38
209	187
307	33
205	350
373	348
386	372
297	99
318	466
292	206
331	310
276	149
440	288
297	16
266	295
424	506
269	318
374	306
298	5
343	289
314	343
487	441
296	21
257	287
296	498
388	173
52	452
109	349
451	397
304	41
160	330
284	156
60	440
292	65
315	431
154	363
335	88
293	39
347	114
457	297
319	229
264	110
308	320
412	355
258	80
259	299
162	317
343	236
261	101
79	503
251	170
280	480
62	457
442	278
296	28
252	376
256	282
450	508
313	39
256	252
300	43
33	482
282	480
301	513
295	81
179	227
489	401
290	30
325	89
110	332
224	257
368	177
251	125
113	333
304	23
403	222
205	261
405	481
213	450
488	499
141	377
378	184
290	36
340	383
278	476
476	338
411	461
411	280
349	372
201	340
507	385
375	418
478	432
265	97
310	189
280	379
355	273
354	396
300	3
142	278
384	355
256	128
300	134
393	297
333	238
241	105
299	17
297	15
340	195
331	80
354	187
331	249
206	339
302	284
308	104
225	141
302	8
291	97
432	435
460	411
235	488
95	477
352	98
273	57
394	258
292	406
496	347
236	138
156	420
270	285
275	191
456	293
185	240
247	277
145	351
136	293
327	108
289	98
324	106
280	42
477	468
266	133
291	180
122	325
332	175
243	299
323	260
285	56
357	170
310	79
323	132
348	186
265	127
447	505
290	92
472	326
336	377
304	62
130	495
303	139
106	431
225	402
451	364
157	299
257	154
355	130
381	321
492	508
258	216
323	138
304	84
253	240
198	357
86	470
333	289
133	339
310	92
213	461
266	195
412	470
229	274
434	473
295	120
301	35
336	131
218	401
412	214
252	158
426	452
242	309
292	310
215	275
282	267
267	274
182	319
226	467
265	310
234	377
307	15
185	481
183	324
424	372
198	204
330	76
299	16
213	187
303	73
240	172
265	140
281	74
394	516
410	271
300	4
305	64
314	61
188	456
235	115
310	22
293	78
227	198
119	481
312	352
300	57
300	356
339	155
428	332
355	128
287	155
483	364
306	16
272	134
309	93
223	442
298	15
329	284
247	380
290	96
271	367
91	443
299	13
463	469
296	92
234	333
207	294
426	266
175	275
309	62
396	370
459	422
220	191
298	48
310	354
179	341
242	287
356	130
242	136
62	484
281	55
72	460
151	275
363	252
238	286
160	274
243	175
393	191
404	229
267	132
411	213
151	494
299	4
294	157
284	67
320	189
378	155
272	460
529	418
305	63
292	24
422	509
282	50
297	31
442	383
148	391
296	34
229	155
297	232
244	455
295	386
367	219
341	451
309	140
230	242
308	58
218	183
192	190
448	275
307	14
278	258
376	147
246	207
212	160
469	437
261	283
137	380
299	37
249	422
300	463
377	217
392	364
413	490
342	164
440	513
180	399
218	449
383	487
294	43
336	139
167	513
299	9
490	439
286	175
467	372
287	59
376	244
392	169
292	79
446	327
220	377
33	494
297	19
220	492
65	465
258	75
265	90
316	334
268	136
427	274
309	50
438	500
270	401
375	160
381	201
308	202
322	119
258	215
295	20
302	201
282	275
300	56
497	493
327	52
165	513
323	174
192	210
154	379
269	225
237	205
330	108
137	294
440	317
275	380
349	228
320	95
284	247
301	50
293	76
263	445
266	386
342	119
520	504
446	329
313	73
281	224
185	319
431	252
181	300
245	146
296	248
318	284
431	249
446	408
194	322
461	371
196	403
313	40
290	149
410	418
447	340
281	47
271	131
562	519
318	416
315	58
276	57
318	42
201	348
189	295
496	342
431	287
378	468
238	235
204	209
300	3
181	254
309	108
322	104
284	463
316	32
188	432
445	306
236	352
215	149
233	505
304	267
425	255
282	216
267	490
102	441
194	270
328	488
253	126
131	307
214	151
156	361
200	390
252	119
160	246
560	507
219	273
148	331
328	362
303	170
297	155
417	338
169	422
403	345
312	260
261	87
163	348
220	442
273	57
287	140
364	319
409	489
301	184
303	469
244	251
69	463
254	225
286	293
278	84
346	292
250	170
322	295
436	384
311	22
128	369
118	390
443	509
252	125
417	209
326	357
214	188
300	2
348	434
300	1
311	47
293	247
398	349
511	397
431	254
246	114
439	355
418	297
439	263
158	332
299	80
340	74
224	200
186	211
292	38
425	478
265	202
375	489
120	404
88	460
341	228
138	395
318	136
302	436
360	226
103	460
276	58
227	439
230	212
375	177
461	336
234	366
283	159
450	335
318	152
85	496
254	166
206	374
269	145
211	363
216	300
234	179
342	99
292	201
307	52
220	420
421	397
221	272
246	447
334	190
456	359
249	96
283	99
224	512
337	283
266	366
285	71
187	371
259	164
317	274
154	453
224	313
354	447
230	500
441	512
406	318
433	302
470	374
257	371
474	394
418	242
335	377
171	294
570	478
263	299
340	138
520	501
417	220
263	128
297	18
281	215
479	326
337	435
291	81
444	278
365	474
314	274
385	412
337	111
356	252
180	287
370	220
104	428
318	286
419	332
281	222
232	186
290	126
156	436
415	423
323	61
339	316
158	321
300	1
300	242
187	435
369	227
191	235
385	480
50	481
300	474
385	252
322	304
306	138
301	18
395	350
355	132
306	83
189	306
205	375
323	272
274	166
284	132
371	322
467	403
246	202
275	65
368	412
344	116
341	237
290	363
437	270
151	287
384	158
427	313
330	515
170	320
281	359
285	67
458	456
275	52
268	214
324	309
402	334
213	240
370	233
298	365
398	267
279	481
297	78
417	396
290	377
252	212
410	319
217	285
412	444
341	99
309	35
435	336
396	418
384	399
302	65
291	23
347	143
354	373
299	5
256	371
302	73
289	130
46	461
357	189
220	457
439	413
232	381
237	205
231	122
339	117
240	233
405	428
202	231
156	255
183	441
229	492
274	55
453	309
317	374
317	44
227	161
263	156
321	131
225	405
309	172
324	515
294	235
467	342
203	176
420	336
300	1
270	55
197	395
291	29
300	405
351	132
231	227
90	410
177	278
481	394
334	145
266	70
82	398
276	229
239	136
482	345
305	18
301	9
138	313
352	150
275	148
302	242
237	390
329	113
290	159
490	459
300	241
108	376
444	496
236	326
308	421
254	352
180	273
330	258
232	287
189	367
262	139
302	18
306	144
266	114
453	338
387	360
378	387
428	421
296	11
315	216
299	73
415	518
308	254
280	73
332	440
248	279
439	324
284	53
247	110
445	516
264	185
310	325
276	411
322	123
206	276
346	374
537	513
308	45
157	284
420	323
346	369
319	121
226	255
298	16
373	149
430	431
309	403
246	106
353	442
286	390
373	219
184	476
268	77
334	77
327	384
408	480
442	350
246	380
219	164
259	323
253	106
260	285
152	393
297	160
511	452
299	4
304	22
300	2
276	410
216	442
47	488
232	206
387	201
254	267
357	244
296	20
99	453
300	76
464	384
241	239
308	23
420	217
294	103
231	154
213	196
526	489
348	196
349	400
381	205
161	347
375	258
336	227
441	280
559	484
387	156
41	460
241	186
278	173
360	353
207	290
197	494
346	260
424	216
300	7
268	229
251	160
219	491
369	455
306	41
229	138
223	170
233	249
88	505
410	308
394	435
302	48
208	297
221	157
115	435
310	199
482	418
454	294
419	260
231	480
345	362
286	72
282	45
351	299
296	352
287	33
375	311
388	298
300	14
278	48
296	416
234	165
371	160
122	459
111	390
306	56
279	75
288	82
280	97
422	410
329	491
364	151
217	182
374	150
383	217
258	87
245	99
298	171
227	203
184	245
431	329
321	110
470	358
329	61
216	286
225	319
192	489
351	125
247	370
300	15
260	393
300	18
256	105
253	491
268	233
151	444
298	448
326	228
178	231
202	300
255	226
257	339
90	373
327	57
152	377
312	80
286	222
298	8
198	246
331	83
282	297
146	508
61	444
98	435
373	132
231	416
284	72
237	210
297	25
508	378
299	13
322	285
231	202
233	360
138	374
303	80
193	262
310	106
320	214
508	432
244	126
405	218
285	81
297	71
155	412
337	382
459	506
324	134
277	61
300	11
199	262
433	265
119	351
298	20
417	246
306	34
383	276
254	203
193	257
206	214
358	120
258	151
346	256
300	14
292	73
300	130
299	65
356	156
347	392
301	223
195	293
290	41
400	178
283	35
326	407
303	13
269	354
300	97
354	154
301	18
359	316
217	482
92	449
311	76
229	450
340	73
309	45
326	127
310	32
470	335
231	500
172	463
511	487
300	2
331	63
249	427
356	143
419	327
559	468
265	250
292	287
322	157
247	418
214	453
308	44
472	329
332	155
300	2
348	223
269	216
316	158
297	25
315	300
297	32
276	48
310	107
226	156
280	331
137	376
228	310
335	145
383	329
198	297
209	242
311	209
309	31
473	491
499	362
430	282
80	423
225	257
421	359
309	30
416	462
315	205
388	429
306	228
110	370
310	27
444	457
173	252
478	418
163	313
168	346
343	128
30	486
355	358
166	371
298	151
377	173
230	454
308	241
202	299
369	196
250	365
194	481
329	377
299	228
478	344
416	204
57	488
231	328
237	288
311	57
124	487
311	410
288	377
286	79
180	322
324	56
392	165
354	197
374	493
187	472
327	339
231	487
274	59
107	407
272	73
255	114
219	166
300	145
263	74
491	406
255	303
216	236
223	197
314	235
328	244
186	319
318	165
322	41
383	162
318	84
337	397
298	214
381	157
218	468
270	371
260	319
217	484
162	341
111	423
120	377
196	428
325	191
85	495
289	235
422	214
263	130
115	491
136	366
278	118
378	358
372	155
261	457
300	3
72	448
339	93
373	202
464	495
388	341
310	126
269	366
299	12
216	413
391	340
344	291
451	394
300	147
283	120
173	404
347	259
192	404
297	52
164	353
273	152
355	268
288	501
418	384
501	367
299	13
289	99
157	319
249	105
314	265
481	408
469	397
164	441
224	148
300	2
417	210
262	231
297	473
398	383
290	283
319	78
311	225
302	105
160	398
271	184
128	338
402	210
297	27
297	455
369	185
345	119
488	380
24	487
279	254
417	242
157	292
364	204
257	232
100	461
334	88
336	132
304	12
290	89
268	230
119	378
308	129
275	112
308	181
305	39
300	23
290	29
242	184
323	425
421	492
263	160
297	10
289	437
413	412
133	298
277	49
294	22
69	499
228	340
311	204
156	472
344	188
158	499
110	359
315	47
493	423
555	470
189	196
335	110
485	395
157	290
360	174
162	403
138	396
297	83
375	158
469	427
215	182
479	428
521	418
413	412
414	428
315	37
319	109
324	119
392	465
297	41
135	414
158	461
73	407
328	84
401	419
218	215
300	4
440	317
332	61
254	183
300	390
347	145
463	321
232	190
291	22
300	2
360	426
294	33
310	28
311	54
296	28
393	352
341	175
467	404
60	504
309	50
272	65
353	233
195	213
268	69
222	430
294	190
410	477
255	145
279	51
187	371
338	86
328	445
355	99
427	248
226	317
328	90
279	217
300	359
359	182
365	119
263	305
306	17
363	310
478	386
281	58
548	517
435	287
299	14
283	118
343	156
322	203
457	299
458	333
361	132
174	289
279	57
68	449
370	208
305	44
85	478
279	140
237	216
201	328
249	337
256	78
331	455
236	319
415	469
291	48
298	45
318	170
347	177
150	331
329	445
308	59
201	413
241	216
300	73
258	177
221	514
274	305
280	241
397	203
322	136
231	130
304	10
164	294
365	120
456	415
302	86
476	399
219	190
297	22
104	369
157	500
488	399
295	31
343	132
273	125
341	80
544	496
255	183
299	34
84	383
278	258
245	103
194	203
312	28
301	8
269	99
301	293
222	224
210	455
390	351
321	191
267	112
173	413
425	341
115	390
265	242
216	151
148	291
286	264
271	59
268	439
455	320
343	99
442	405
416	274
320	409
471	502
352	509
285	116
257	241
280	191
337	384
267	61
276	284
411	509
174	224
284	241
292	29
381	339
85	386
337	274
287	44
171	432
344	452
181	376
336	416
154	443
298	72
314	450
554	487
293	43
407	393
116	350
237	421
329	293
277	346
320	133
266	320
497	491
233	127
319	172
276	348
413	293
370	137
370	200
177	381
338	137
251	223
132	391
291	21
204	481
222	235
350	485
248	96
367	404
454	322
275	62
151	436
139	448
439	279
285	132
393	206
210	468
376	261
303	152
303	9
429	274
241	170
307	345
223	266
335	253
300	10
288	25
316	37
516	500
174	248
209	159
250	107
296	149
209	347
541	449
343	82
391	177
30	508
300	6
397	313
274	96
295	43
198	198
500	484
310	22
276	472
299	190
182	206
215	213
300	48
329	217
323	71
239	385
144	412
375	207
338	172
251	305
358	170
86	384
271	54
241	306
269	138
188	296
164	242
87	396
265	113
138	371
349	136
327	94
206	261
343	106
145	501
249	114
274	106
129	364
234	306
262	379
282	112
326	178
472	479
300	1
284	48
353	139
501	390
250	166
396	177
426	359
184	486
341	75
312	35
356	177
161	434
371	419
288	164
305	38
487	435
302	15
283	53
203	170
333	211
449	424
206	354
139	435
210	203
380	158
135	469
258	209
128	417
301	416
527	446
419	272
171	243
136	473
197	340
301	27
268	88
311	410
191	382
254	370
147	302
121	448
282	286
303	19
344	129
345	511
302	178
116	401
391	308
283	59
212	355
537	429
299	71
275	332
256	411
131	355
342	90
452	271
279	147
244	410
459	469
299	3
191	276
313	67
421	459
256	329
578	485
328	429
241	514
300	86
311	400
333	88
410	291
326	164
438	248
356	343
286	258
181	232
301	16
316	411
202	393
459	285
378	429
280	96
321	132
364	494
352	207
429	470
305	61
323	187
399	502
242	103
138	334
253	364
311	182
232	362
253	209
109	344
302	14
284	82
291	36
254	95
312	96
208	427
357	302
260	157
225	354
366	237
317	464
429	340
292	174
300	16
367	283
394	420
262	90
365	352
425	352
208	232
152	487
246	216
234	166
299	49
228	386
322	123
519	395
290	88
414	277
271	54
275	49
119	463
327	124
379	333
278	313
343	279
405	249
299	259
168	396
215	179
262	75
73	433
284	162
381	479
326	184
255	170
180	321
376	192
440	319
240	441
225	442
316	183
582	519
240	197
345	307
273	130
291	100
275	371
221	510
350	88
426	241
377	274
268	89
377	151
111	408
275	51
207	289
381	461
307	191
359	267
278	290
467	375
394	225
310	19
278	193
218	382
205	167
322	202
525	505
389	429
289	151
320	59
75	425
295	50
287	57
453	274
325	85
338	287
296	10
352	217
248	129
475	359
68	435
297	22
403	455
272	202
368	308
78	443
301	223
292	15
136	293
227	407
251	267
126	392
435	356
444	301
285	381
338	391
389	287
408	200
303	82
471	342
310	22
138	450
264	300
276	88
281	117
246	263
193	243
405	248
383	152
271	56
303	162
292	18
362	372
63	424
520	397
291	49
242	447
348	433
305	146
342	336
178	323
437	245
235	190
273	359
108	354
255	99
234	251
236	248
394	275
351	175
218	164
350	131
321	85
405	358
309	62
235	326
210	273
312	167
263	510
189	335
283	32
463	437
314	150
288	225
282	507
211	298
339	84
208	501
264	313
372	169
239	368
107	355
285	255
434	319
155	264
311	53
312	272
188	330
238	167
91	454
258	110
423	413
207	291
473	401
237	500
554	470
389	165
286	77
381	181
319	37
310	22
264	106
194	304
270	89
301	12
206	486
260	329
75	500
374	517
303	9
372	305
229	125
286	73
340	302
381	518
285	41
290	56
31	487
444	258
221	359
326	77
328	346
255	145
542	468
338	445
113	332
154	392
258	119
321	38
298	438
378	371
300	2
74	459
452	330
473	319
371	491
362	376
473	311
290	64
543	465
447	424
254	120
273	164
376	438
249	306
335	99
365	329
282	111
412	471
287	70
348	107
297	164
525	413
310	42
82	449
386	448
317	48
391	460
325	478
96	355
420	274
241	193
190	397
490	501
109	516
476	349
354	291
315	330
411	212
312	29
308	476
307	377
349	136
478	376
110	460
162	307
267	326
500	443
488	498
118	364
337	119
254	228
302	39
298	60
239	356
247	208
313	131
252	182
89	419
133	387
326	400
150	488
286	202
290	73
398	339
483	466
481	437
345	99
312	118
372	309
313	162
302	6
398	442
261	121
267	112
135	516
347	429
281	54
534	436
329	103
162	494
363	145
92	443
355	278
455	353
169	401
539	428
142	390
450	433
419	208
172	274
473	497
342	177
282	438
264	222
220	157
370	310
299	36
277	69
532	490
299	4
191	280
365	124
297	63
268	199
302	13
300	2
168	300
277	344
351	381
359	135
325	66
252	119
505	489
260	71
388	499
262	370
103	487
401	272
435	372
310	216
233	348
548	433
360	392
564	470
191	244
256	191
301	48
459	507
382	159
307	459
194	390
292	161
267	433
261	117
329	94
348	111
355	264
307	226
467	342
277	216
194	275
314	75
339	141
501	423
218	343
214	183
282	58
324	180
292	222
220	189
412	231
325	109
338	448
296	158
57	457
309	430
267	123
196	350
500	371
300	2
524	519
304	19
538	420
253	322
285	314
252	379
343	248
337	99
287	88
309	33
219	244
122	365
283	58
454	373
510	458
301	308
287	33
116	455
94	482
372	468
326	450
442	274
228	166
242	224
478	384
280	355
286	176
212	332
431	260
276	98
387	301
247	124
205	399
223	219
286	97
304	12
362	307
198	463
244	152
310	200
303	313
303	14
344	500
230	222
204	327
309	19
319	84
410	208
308	470
211	373
272	84
289	272
190	239
412	210
324	236
336	87
307	38
308	41
302	209
322	149
301	13
164	291
248	414
307	338
189	232
297	39
259	456
101	372
301	64
215	208
300	13
518	460
168	491
165	491
280	478
322	67
357	160
372	133
302	125
409	235
492	398
292	58
332	177
287	69
307	34
102	376
388	271
511	388
363	306
258	123
319	77
386	399
336	273
230	205
263	126
291	391
296	21
238	383
378	145
233	296
307	23
332	156
323	41
107	355
170	501
472	436
331	478
298	69
277	148
336	67
344	396
270	235
303	430
271	358
309	30
449	326
313	130
155	276
491	461
279	430
459	435
300	89
259	259
384	234
102	474
285	287
279	98
551	474
288	511
192	394
299	280
364	169
296	22
345	171
306	75
85	396
547	500
250	372
273	289
394	516
311	114
301	226
387	201
280	87
463	430
299	473
336	194
130	372
107	483
410	447
315	248
295	29
122	443
53	492
112	428
332	175
210	192
393	368
95	472
128	327
305	29
204	222
283	106
285	41
361	377
129	371
204	435
233	231
235	222
350	476
459	428
238	123
481	506
136	488
384	458
307	258
134	389
235	122
261	69
119	443
271	174
299	318
368	225
505	389
301	9
365	391
333	516
354	193
77	496
391	506
452	413
231	452
240	311
300	30
354	274
425	370
328	473
319	166
210	501
229	280
413	423
211	203
351	170
291	50
386	322
112	394
303	112
303	37
245	440
356	106
301	26
248	166
308	143
300	2
478	313
73	458
501	389
300	6
517	500
461	359
302	18
134	482
245	390
310	229
468	416
217	313
312	105
197	289
488	515
327	215
405	389
80	388
373	227
352	320
320	44
307	51
408	223
300	2
237	217
225	371
277	96
504	498
481	332
310	72
464	350
266	127
309	28
326	103
330	194
343	345
402	371
395	338
300	134
312	121
293	65
241	327
242	282
239	360
312	28
237	247
194	286
386	317
254	302
176	350
474	305
316	61
327	263
307	116
272	408
192	403
390	488
286	56
506	511
257	448
228	471
126	322
493	391
63	454
319	146
314	67
177	392
281	94
368	309
495	417
257	264
196	208
294	38
300	8
477	326
192	197
310	265
335	241
76	391
244	298
309	71
236	459
234	305
321	377
279	492
193	408
368	173
343	119
325	484
268	179
225	204
398	196
191	322
94	465
406	222
155	293
290	80
146	306
313	98
314	372
465	390
451	295
405	254
291	27
351	112
438	500
266	86
405	450
503	443
342	196
300	2
203	423
162	419
152	291
231	133
297	13
143	295
323	132
345	284
351	93
321	104
268	292
200	185
409	356
213	192
101	384
304	419
295	43
302	117
249	504
303	58
221	201
239	263
275	59
259	500
449	260
42	456
148	513
283	52
188	319
395	179
312	70
280	261
177	273
325	506
290	347
300	411
317	135
301	9
278	50
118	438
228	152
248	267
208	293
318	145
307	15
275	238
387	257
498	454
192	206
360	135
446	450
303	322
290	80
461	473
311	43
108	363
407	390
31	500
100	481
460	456
275	285
496	494
190	218
346	170
433	483
216	257
317	438
319	262
210	372
304	62
230	398
318	45
195	408
433	289
319	202
389	163
413	397
537	455
500	490
92	378
338	93
327	153
360	183
272	58
328	132
414	217
586	502
237	199
64	505
142	308
300	37
245	179
387	483
537	492
342	75
283	511
358	307
172	432
360	226
300	56
383	285
441	366
263	79
322	216
268	158
350	473
68	422
253	187
321	146
115	420
245	254
262	216
359	151
292	15
268	93
72	507
472	340
315	471
296	102
434	282
332	213
270	65
366	261
291	236
378	232
290	466
117	352
351	151
284	48
300	2
210	326
52	448
559	459
345	162
352	93
277	205
266	299
380	280
383	341
314	403
426	369
205	327
165	314
325	73
383	216
407	265
444	393
510	393
236	201
418	371
201	357
328	373
70	438
378	300
306	67
191	492
357	137
127	405
379	180
31	492
217	241
373	329
150	275
445	383
258	267
449	319
204	190
264	142
242	163
306	229
344	108
555	478
459	473
287	446
356	495
154	351
234	354
208	330
376	143
390	189
204	293
224	240
285	35
311	80
301	112
90	455
476	416
322	188
300	1
116	515
292	53
335	215
273	183
229	334
346	127
296	97
364	136
215	184
423	350
303	9
212	293
342	413
316	93
417	468
334	143
359	306
97	411
258	282
342	133
364	118
381	268
223	300
337	115
445	331
197	494
318	447
166	302
255	438
337	77
300	83
290	41
301	9
244	190
321	50
142	317
322	279
323	66
311	128
547	490
506	363
353	134
266	113
132	320
292	466
287	59
342	221
295	19
426	280
40	468
484	328
347	84
294	60
423	384
301	502
390	162
327	147
208	508
213	249
291	80
228	203
288	31
331	55
124	457
288	215
448	261
122	320
342	289
302	96
272	65
126	349
407	247
477	394
377	446
293	107
305	73
218	338
326	124
224	413
375	375
297	358
347	178
318	159
282	55
354	99
300	2
487	466
187	353
436	248
326	513
336	192
59	457
284	300
287	108
396	185
289	502
205	199
241	182
420	412
466	347
330	80
300	95
183	216
332	420
405	405
329	500
296	61
212	326
433	351
440	377
411	446
332	203
444	263
348	361
231	486
215	481
197	307
549	518
339	146
384	298
203	282
108	405
310	270
287	34
298	152
193	284
271	233
297	14
292	76
460	313
389	281
232	176
124	313
295	76
248	272
300	2
433	346
349	292
353	293
269	325
323	416
205	266
257	157
306	82
444	494
297	176
370	174
472	319
301	16
183	307
274	114
371	402
334	213
333	93
348	121
165	397
270	261
339	78
409	272
161	292
99	440
200	176
340	124
342	76
527	421
244	144
339	77
349	474
220	385
320	81
399	179
358	151
242	111
301	238
243	109
488	473
497	457
365	471
337	81
523	515
335	414
300	12
274	48
427	336
322	459
260	239
298	32
231	203
460	339
344	109
406	271
382	183
286	114
483	472
174	222
359	280
208	402
135	293
303	9
365	138
336	326
290	330
110	371
396	472
550	490
236	263
54	481
234	179
302	128
277	66
309	38
122	400
352	125
339	70
236	319
292	442
249	150
289	21
376	275
321	47
463	479
428	436
300	4
284	139
282	39
427	499
296	22
381	238
349	107
312	189
331	134
404	400
376	219
377	237
53	509
57	495
456	442
384	468
240	138
301	93
192	231
62	445
425	344
236	490
236	394
371	203
331	70
423	219
268	60
320	155
471	358
300	86
317	35
285	177
248	356
260	179
215	183
454	384
304	16
160	389
323	233
300	1
199	205
160	354
473	332
317	104
249	432
377	376
224	163
332	226
295	118
300	1
134	451
307	435
304	116
287	82
185	287
300	24
329	366
305	169
296	364
289	265
338	309
314	361
135	289
188	283
377	248
339	119
224	438
301	13
294	12
284	507
222	298
230	293
379	145
225	144
344	351
312	25
334	101
418	319
300	149
315	33
279	145
377	254
297	182
464	311
249	156
192	191
312	503
85	391
283	32
281	455
217	269
226	464
280	514
453	345
303	42
292	58
118	397
152	497
404	338
197	276
216	207
387	175
206	519
397	204
193	494
34	465
517	505
223	176
201	192
370	516
283	58
344	239
276	203
214	261
392	390
374	462
201	264
393	231
302	115
315	38
292	21
323	74
309	29
63	481
191	201
151	439
183	461
386	164
329	227
396	213
353	452
173	306
299	29
315	66
365	236
350	209
275	150
482	461
291	169
449	372
305	15
304	13
304	336
238	333
323	518
469	487
300	3
292	82
235	300
246	200
345	132
521	403
162	294
83	424
230	381
361	323
350	142
364	257
189	267
290	65
472	410
407	386
291	501
228	269
199	515
357	407
223	422
250	108
358	106
441	463
199	511
524	391
371	184
435	288
328	51
562	481
306	350
484	404
187	427
371	138
540	481
323	93
301	266
307	132
300	231
130	455
318	131
228	175
317	41
320	448
222	482
301	6
311	38
285	321
452	310
294	435
187	235
308	79
581	505
471	447
300	261
403	258
258	92
334	262
399	447
279	204
287	87
282	108
276	106
112	340
297	472
377	300
298	71
297	12
259	125
275	46
311	190
346	316
296	22
78	402
406	243
274	156
148	382
345	121
314	89
251	166
315	371
247	160
317	35
541	491
391	357
174	348
314	510
285	78
239	300
307	114
218	216
389	242
464	461
96	467
274	80
331	251
331	59
365	162
310	360
291	111
283	324
338	424
226	139
316	343
231	170
356	306
301	3
301	353
479	324
308	229
288	519
237	369
249	198
253	406
210	425
363	288
255	134
311	211
144	383
364	204
161	345
194	192
284	383
326	139
302	194
185	452
215	184
534	410
403	182
284	48
366	376
207	471
310	20
393	170
462	415
266	414
280	106
411	376
339	80
524	421
176	491
282	109
490	474
177	364
289	486
395	268
362	233
291	37
506	448
128	399
432	313
349	343
317	84
344	99
283	154
418	222
225	256
433	454
171	334
100	371
261	387
220	258
284	38
161	292
264	68
314	257
301	319
356	298
263	339
352	110
468	495
219	306
338	208
358	231
301	453
456	474
131	442
229	180
307	76
157	481
379	343
170	235
367	270
389	413
383	391
258	164
419	294
207	372
313	31
196	339
295	88
322	107
293	310
291	35
279	500
359	123
445	369
270	112
300	10
300	4
368	355
316	404
383	293
314	215
278	88
341	146
371	344
288	445
387	299
103	519
224	403
227	141
218	227
307	149
226	436
441	397
204	191
501	436
217	345
380	167
279	46
267	130
369	296
344	394
232	197
63	468
169	264
165	274
446	351
281	301
257	190
359	487
279	411
283	141
68	458
293	107
325	73
382	393
237	218
327	67
418	364
444	268
456	345
204	317
322	64
242	383
290	55
294	79
229	152
242	209
366	120
61	467
244	306
233	234
437	254
300	305
323	74
264	453
247	273
422	493
258	314
396	343
161	412
324	334
262	70
399	508
202	351
284	480
286	89
286	46
423	240
307	64
232	136
170	300
78	464
521	485
264	99
40	485
285	85
233	339
143	292
289	219
313	172
299	92
373	349
123	479
262	486
456	280
320	490
344	138
330	80
301	53
273	381
135	440
516	423
502	354
427	469
352	116
391	355
388	331
332	78
285	99
97	494
267	85
386	475
268	248
99	384
504	405
140	504
241	339
361	300
174	290
200	197
475	490
145	511
288	69
278	90
197	455
215	246
300	5
308	55
74	451
296	488
283	110
563	458
284	92
339	81
301	31
402	262
404	251
147	391
174	439
414	416
210	264
281	481
540	453
282	148
489	339
424	338
391	367
309	74
183	381
164	420
200	293
305	18
315	41
363	364
306	22
432	279
300	25
221	161
379	307
269	57
251	111
360	216
418	375
145	389
173	465
379	235
277	41
354	339
304	416
477	499
277	165
176	403
344	200
535	479
247	160
291	327
271	70
304	209
209	268
357	242
324	93
248	228
314	63
323	41
289	22
285	54
431	309
327	235
367	261
473	388
170	518
420	442
268	251
351	337
375	250
345	225
383	248
283	44
146	385
215	274
342	505
490	499
300	18
241	322
458	477
252	319
354	110
504	475
434	298
310	38
162	335
432	254
246	109
313	79
361	384
492	498
369	176
327	54
332	106
313	210
325	272
186	480
273	315
230	507
269	113
381	256
261	410
304	401
363	190
125	473
204	293
288	424
108	480
219	375
433	313
142	437
143	364
347	122
319	139
320	459
193	499
226	243
407	301
267	67
393	440
194	317
310	375
319	36
146	341
301	92
323	347
436	257
304	254
413	307
375	201
344	222
357	123
329	61
302	26
357	461
266	393
234	146
363	342
290	425
299	280
368	374
396	435
339	125
316	157
186	391
267	371
303	9
367	454
452	460
307	467
306	231
285	125
79	468
163	266
337	410
260	100
362	190
318	86
301	4
276	54
316	277
465	408
350	101
310	28
527	497
270	198
327	120
235	390
293	192
216	239
263	460
296	63
413	367
280	397
336	237
298	134
174	436
166	245
272	94
264	70
269	152
471	317
287	63
416	222
279	76
223	352
346	99
179	363
321	147
375	185
129	433
126	423
399	177
515	405
529	468
429	364
141	340
381	450
271	300
300	425
200	411
414	345
299	34
35	484
135	357
408	270
269	103
285	149
275	164
309	65
335	163
412	466
499	369
310	68
291	39
299	7
394	351
192	194
482	439
328	343
350	359
345	294
171	271
389	274
361	114
332	100
358	516
351	256
368	315
310	336
353	183
317	379
92	364
292	30
303	37
293	28
428	459
364	246
300	261
435	280
494	347
294	55
335	196
416	274
428	255
517	404
266	134
214	293
397	232
287	507
324	53
457	370
311	82
109	390
294	125
309	252
402	197
396	348
273	88
275	248
153	301
290	289
314	41
340	130
181	310
336	119
159	384
335	167
290	122
496	458
385	484
260	128
379	324
158	260
41	457
372	232
390	196
474	483
362	129
194	274
294	93
298	99
311	433
587	515
353	102
124	371
370	137
324	86
149	290
394	244
296	12
303	176
193	390
264	83
248	203
268	483
189	267
287	291
332	58
256	345
303	70
247	177
339	160
238	280
156	270
543	462
497	364
256	321
340	117
301	184
591	513
194	473
323	265
309	31
298	18
149	264
230	346
230	345
62	518
374	130
329	133
169	361
80	472
309	106
290	137
416	491
395	367
133	337
118	488
328	237
288	442
304	9
360	334
205	169
543	457
147	267
316	190
341	228
409	366
144	450
306	57
316	147
199	307
281	40
270	148
328	79
351	163
337	84
224	209
190	371
73	433
269	226
203	180
249	252
303	10
105	361
309	182
297	345
264	88
365	468
405	305
531	453
436	286
405	335
127	337
395	317
288	145
368	440
427	372
17	518
335	355
183	233
305	228
346	85
308	427
299	4
224	481
398	266
145	309
342	116
306	46
271	244
338	101
278	148
216	414
274	342
108	361
276	126
403	293
259	287
307	61
303	55
342	488
297	61
370	222
355	182
136	405
329	121
399	251
380	282
280	229